0 0 0
0 1 0
0 2 0
0 3 0
0 4 0
0 5 0
0 6 0
0 7 0
0 8 0
0 9 0
0 10 0
1 0 0
1 1 0.000960254
1 2 0.00168008
1 3 0.00210863
1 4 0.00225576
1 5 0.00216405
1 6 0.00188944
1 7 0.00148897
1 8 0.00101391
1 9 0.000506673
1 10 0
2 0 0
2 1 0.00207097
2 2 0.00362495
2 3 0.00455139
2 4 0.00486993
2 5 0.00467163
2 6 0.00407749
2 7 0.00321164
2 8 0.00218575
2 9 0.00109176
2 10 0
3 0 0
3 1 0.00350523
3 2 0.00614045
3 3 0.00771607
3 4 0.00826046
3 5 0.00792492
3 6 0.00691488
3 7 0.00544316
3 8 0.00370173
3 9 0.00184782
3 10 0
4 0 0
4 1 0.00548326
4 2 0.00961917
4 3 0.0121057
4 4 0.0129747
4 5 0.0124547
4 6 0.0108669
4 7 0.00854959
4 8 0.00580991
4 9 0.00289817
4 10 0
5 0 0
5 1 0.00829865
5 2 0.0145911
5 3 0.018409
5 4 0.0197716
5 5 0.0190042
5 6 0.0165892
5 7 0.0130485
5 8 0.00886137
5 9 0.00441725
5 10 0
6 0 0
6 1 0.0123443
6 2 0.0217769
6 3 0.027579
6 4 0.0297179
6 5 0.0286303
6 6 0.0250212
6 7 0.0196842
6 8 0.0133611
6 9 0.00665577
6 10 0
7 0 0
7 1 0.018132
7 2 0.0321337
7 3 0.0409088
7 4 0.0442885
7 5 0.0428152
7 6 0.0374924
7 7 0.0295142
7 8 0.0200271
7 9 0.00996939
7 10 0
8 0 0
8 1 0.0262919
8 2 0.0468695
8 3 0.0600731
8 4 0.0654371
8 5 0.0635573
8 6 0.0558161
8 7 0.0439887
8 8 0.0298438
8 9 0.0148447
8 10 0
9 0 0
9 1 0.0375332
9 2 0.0673829
9 3 0.0870697
9 4 0.095558
9 5 0.0933607
9 6 0.0823012
9 7 0.064971
9 8 0.0440788
9 9 0.0219063
9 10 0
10 0 0
10 1 0.0525424
10 2 0.0950723
10 3 0.123961
10 4 0.137202
10 5 0.134975
10 6 0.11955
10 7 0.0945986
10 8 0.0641967
10 9 0.031875
10 10 0
11 0 0
11 1 0.0718107
11 2 0.130973
11 3 0.172323
11 4 0.192396
11 5 0.1907
11 6 0.169862
11 7 0.134847
11 8 0.0915873
11 9 0.0454386
11 10 0
12 0 0
12 1 0.0954222
12 2 0.175269
12 3 0.232425
12 4 0.261548
12 5 0.261194
12 6 0.234158
12 7 0.186722
12 8 0.127058
12 9 0.0630172
12 10 0
13 0 0
13 1 0.122892
13 2 0.226865
13 3 0.302453
13 4 0.342346
13 5 0.344183
13 6 0.310736
13 7 0.249266
13 8 0.170205
13 9 0.0844725
13 10 0
14 0 0
14 1 0.153194
14 2 0.283348
14 3 0.378359
14 4 0.429454
14 5 0.434006
14 6 0.394699
14 7 0.319018
14 8 0.219019
14 9 0.108927
14 10 0
15 0 0
15 1 0.185108
15 2 0.341605
15 3 0.454738
15 4 0.515667
15 5 0.522828
15 6 0.478953
15 7 0.390638
15 8 0.270246
15 9 0.134917
15 10 0
16 0 0
16 1 0.218038
16 2 0.399104
16 3 0.526465
16 4 0.59395
16 5 0.60301
16 6 0.556522
16 7 0.458893
16 8 0.320672
16 9 0.161091
16 10 0
17 0 0
17 1 0.253652
17 2 0.455724
17 3 0.589992
17 4 0.658498
17 5 0.668455
17 6 0.622731
17 7 0.520942
17 8 0.369803
17 9 0.187337
17 10 0
18 0 0
18 1 0.300081
18 2 0.516378
18 3 0.642973
18 4 0.702531
18 5 0.712433
18 6 0.674316
18 7 0.580533
18 8 0.421895
18 9 0.220259
18 10 0
19 0 0
19 1 0.386189
19 2 0.596346
19 3 0.675956
19 4 0.713176
19 5 0.721119
19 6 0.700226
19 7 0.641297
19 8 0.520356
19 9 0.269259
19 10 0
20 0 0
20 1 0.666667
20 2 0.666667
20 3 0.666667
20 4 0.666667
20 5 0.666667
20 6 0.666667
20 7 0.666667
20 8 0.666667
20 9 0.666667
20 10 0
