0 0 0
0 1 0
0 2 0
0 3 0
0 4 0
0 5 0
0 6 0
0 7 0
0 8 0
0 9 0
0 10 0
1 0 0
1 1 0.0297448
1 2 0.0545402
1 3 0.072418
1 4 0.0817884
1 5 0.0820974
1 6 0.0740851
1 7 0.0595813
1 8 0.0409639
1 9 0.020524
1 10 0
2 0 0
2 1 0.0608071
2 2 0.112179
2 3 0.149904
2 4 0.170291
2 5 0.171761
2 6 0.155503
2 7 0.125196
2 8 0.0859717
2 9 0.0429604
2 10 0
3 0 0
3 1 0.0935348
3 2 0.173569
3 3 0.233299
3 4 0.266498
3 5 0.270226
3 6 0.245776
3 7 0.198452
3 8 0.136332
3 9 0.068011
3 10 0
4 0 0
4 1 0.127178
4 2 0.236898
4 3 0.31945
4 4 0.366123
4 5 0.372874
4 6 0.340933
4 7 0.276607
4 8 0.190516
4 9 0.0950302
4 10 0
5 0 0
5 1 0.160202
5 2 0.298726
5 3 0.402763
5 4 0.461804
5 5 0.471615
5 6 0.433502
5 7 0.353896
5 8 0.244881
5 9 0.12234
5 10 0
6 0 0
6 1 0.190839
6 2 0.35531
6 3 0.477561
6 4 0.546394
6 5 0.558606
6 6 0.515905
6 7 0.424033
6 8 0.295166
6 9 0.147889
6 10 0
7 0 0
7 1 0.217644
7 2 0.403862
7 3 0.540098
7 4 0.615625
7 5 0.629263
7 6 0.583421
7 7 0.482649
7 8 0.338094
7 9 0.170003
7 10 0
8 0 0
8 1 0.239838
8 2 0.443172
8 3 0.589281
8 4 0.668769
8 5 0.682952
8 6 0.635058
8 7 0.528312
8 8 0.372236
8 9 0.187842
8 10 0
9 0 0
9 1 0.257353
9 2 0.473496
9 3 0.62614
9 4 0.707637
9 5 0.721775
9 6 0.672557
9 7 0.561989
9 8 0.397879
9 9 0.201413
9 10 0
10 0 0
10 1 0.270652
10 2 0.496042
10 3 0.652825
10 4 0.735141
10 5 0.748932
10 6 0.698841
10 7 0.585877
10 8 0.416337
10 9 0.211286
10 10 0
11 0 0
11 1 0.280487
11 2 0.512406
11 3 0.671742
11 4 0.75424
11 5 0.767577
11 6 0.716888
11 7 0.602418
11 8 0.42926
11 9 0.218254
11 10 0
12 0 0
12 1 0.287691
12 2 0.524191
12 3 0.685076
12 4 0.767445
12 5 0.78032
12 6 0.7292
12 7 0.613765
12 8 0.438195
12 9 0.223101
12 10 0
13 0 0
13 1 0.293074
13 2 0.532831
13 3 0.694622
13 4 0.776698
13 5 0.78913
13 6 0.737687
13 7 0.621619
13 8 0.444418
13 9 0.226494
13 10 0
14 0 0
14 1 0.297416
14 2 0.539586
14 3 0.701797
14 4 0.783412
14 5 0.795405
14 6 0.743728
14 7 0.627266
14 8 0.448945
14 9 0.228981
14 10 0
15 0 0
15 1 0.301611
15 2 0.54568
15 3 0.707705
15 4 0.788508
15 5 0.800019
15 6 0.748286
15 7 0.631726
15 8 0.452672
15 9 0.231074
15 10 0
16 0 0
16 1 0.307084
16 2 0.552658
16 3 0.713162
16 4 0.792205
16 5 0.803162
16 6 0.751919
16 7 0.636056
16 8 0.456711
16 9 0.233534
16 10 0
17 0 0
17 1 0.317005
17 2 0.563262
17 3 0.718458
17 4 0.793081
17 5 0.803412
17 6 0.754702
17 7 0.641759
17 8 0.46382
17 9 0.237921
17 10 0
18 0 0
18 1 0.340219
18 2 0.583527
18 3 0.722288
18 4 0.785055
18 5 0.794723
18 6 0.754465
18 7 0.654045
18 8 0.479653
18 9 0.25166
18 10 0
19 0 0
19 1 0.405466
19 2 0.628231
19 3 0.713629
19 4 0.7525
19 5 0.760245
19 6 0.737967
19 7 0.67553
19 8 0.547238
19 9 0.284066
19 10 0
20 0 0
20 1 0.666667
20 2 0.666667
20 3 0.666667
20 4 0.666667
20 5 0.666667
20 6 0.666667
20 7 0.666667
20 8 0.666667
20 9 0.666667
20 10 0
