0 0 0
0 1 0
0 2 0
0 3 0
0 4 0
0 5 0
0 6 0
0 7 0
0 8 0
0 9 0
0 10 0
1 0 0
1 1 0.0194111
1 2 0.0351433
1 3 0.0459455
1 4 0.0510888
1 5 0.0505747
1 6 0.0451381
1 7 0.0360273
1 8 0.0246659
1 9 0.0123384
1 10 0
2 0 0
2 1 0.0403075
2 2 0.0734143
2 3 0.0966112
2 4 0.108063
2 5 0.107459
2 6 0.0961603
2 7 0.076794
2 8 0.052512
2 9 0.0262127
2 10 0
3 0 0
3 1 0.0636748
3 2 0.116799
3 3 0.154901
3 4 0.174507
3 5 0.174557
3 6 0.156832
3 7 0.125461
3 8 0.0857427
3 9 0.0427197
3 10 0
4 0 0
4 1 0.0897825
4 2 0.165783
4 3 0.221425
4 4 0.251145
4 5 0.252776
4 6 0.228261
4 7 0.183172
4 8 0.125269
4 9 0.0623373
4 10 0
5 0 0
5 1 0.118112
5 2 0.219184
5 3 0.294207
5 4 0.335386
5 5 0.339444
5 6 0.308274
5 7 0.248529
5 8 0.170362
5 9 0.0847652
5 10 0
6 0 0
6 1 0.147456
6 2 0.274365
6 3 0.369035
6 4 0.421763
6 5 0.428676
6 6 0.391597
6 7 0.317593
6 8 0.218594
6 9 0.108893
6 10 0
7 0 0
7 1 0.176222
7 2 0.327944
7 3 0.4407
7 4 0.503647
7 5 0.513252
7 6 0.471454
7 7 0.384965
7 8 0.26643
7 9 0.13305
7 10 0
8 0 0
8 1 0.202842
8 2 0.376764
8 3 0.504648
8 4 0.575514
8 5 0.587171
8 6 0.541951
8 7 0.445599
8 8 0.310334
8 9 0.155494
8 10 0
9 0 0
9 1 0.226148
9 2 0.418679
9 3 0.558171
9 4 0.634433
9 5 0.647328
9 6 0.599803
9 7 0.496313
9 8 0.347819
9 9 0.174919
9 10 0
10 0 0
10 1 0.245567
10 2 0.452865
10 3 0.600648
10 4 0.680149
10 5 0.693572
10 6 0.644553
10 7 0.536223
10 8 0.377898
10 9 0.190717
10 10 0
11 0 0
11 1 0.2611
11 2 0.479635
11 3 0.633029
11 4 0.714221
11 5 0.727679
11 6 0.677692
11 7 0.566206
11 8 0.40088
11 9 0.202933
11 10 0
12 0 0
12 1 0.27318
12 2 0.500032
12 3 0.657078
12 4 0.738979
12 5 0.752191
12 6 0.701552
12 7 0.588035
12 8 0.417843
12 9 0.212039
12 10 0
13 0 0
13 1 0.282491
13 2 0.515432
13 3 0.674771
13 4 0.756791
13 5 0.769612
13 6 0.71851
13 7 0.603684
13 8 0.430138
13 9 0.218693
13 10 0
14 0 0
14 1 0.28987
14 2 0.527303
14 3 0.687957
14 4 0.769687
14 5 0.782037
14 6 0.730608
14 7 0.614957
14 8 0.439098
14 9 0.223583
14 10 0
15 0 0
15 1 0.296346
15 2 0.537178
15 3 0.698219
15 4 0.779182
15 5 0.790985
15 6 0.739433
15 7 0.623405
15 8 0.445994
15 9 0.227404
15 10 0
16 0 0
16 1 0.303506
16 2 0.546917
16 3 0.706801
16 4 0.785989
16 5 0.797166
16 6 0.746056
16 7 0.630544
16 8 0.452278
16 9 0.231093
16 10 0
17 0 0
17 1 0.314674
17 2 0.55954
17 3 0.714348
17 4 0.789072
17 5 0.799558
17 6 0.750948
17 7 0.638239
17 8 0.460987
17 9 0.236358
17 10 0
18 0 0
18 1 0.338828
18 2 0.581314
18 3 0.719838
18 4 0.782654
18 5 0.792417
18 6 0.752238
18 7 0.651975
18 8 0.477991
18 9 0.250741
18 10 0
19 0 0
19 1 0.40482
19 2 0.627207
19 3 0.712483
19 4 0.751362
19 5 0.75915
19 6 0.736923
19 7 0.674578
19 8 0.546481
19 9 0.283645
19 10 0
20 0 0
20 1 0.666667
20 2 0.666667
20 3 0.666667
20 4 0.666667
20 5 0.666667
20 6 0.666667
20 7 0.666667
20 8 0.666667
20 9 0.666667
20 10 0
