0 0 0
0 1 0
0 2 0
0 3 0
0 4 0
0 5 0
0 6 0
0 7 0
0 8 0
0 9 0
0 10 0
1 0 0
1 1 0.00409079
1 2 0.00721043
1 3 0.00912749
1 4 0.00983876
1 5 0.00949039
1 6 0.00831099
1 7 0.00655514
1 8 0.00446139
1 9 0.00222727
1 10 0
2 0 0
2 1 0.00875456
2 2 0.0154714
2 3 0.0196433
2 4 0.0212307
2 5 0.0205197
2 6 0.0179905
2 7 0.0141952
2 8 0.0096595
2 9 0.00482032
2 10 0
3 0 0
3 1 0.0145901
3 2 0.025888
3 3 0.0330206
3 4 0.0358382
3 5 0.0347473
3 6 0.0305229
3 7 0.0241018
3 8 0.0163987
3 9 0.00817915
3 10 0
4 0 0
4 1 0.0222423
4 2 0.0396755
4 3 0.0509169
4 4 0.0555703
4 5 0.0541093
4 6 0.0476572
4 7 0.0376728
4 8 0.0256301
4 9 0.0127753
4 10 0
5 0 0
5 1 0.0323896
5 2 0.0581511
5 3 0.0751846
5 4 0.0826191
5 5 0.0808767
5 6 0.0714748
5 7 0.0565832
5 8 0.0384933
5 9 0.0191712
5 10 0
6 0 0
6 1 0.0456801
6 2 0.0826171
6 3 0.107721
6 4 0.119304
6 5 0.11752
6 6 0.104289
6 7 0.082719
6 8 0.0562757
6 9 0.0280004
6 10 0
7 0 0
7 1 0.0626031
7 2 0.114102
7 3 0.150087
7 4 0.167609
7 5 0.166246
7 6 0.148252
7 7 0.117888
7 8 0.0802305
7 9 0.0398796
7 10 0
8 0 0
8 1 0.0833134
8 2 0.152969
8 3 0.202876
8 4 0.228372
8 5 0.228125
8 6 0.204571
8 7 0.163231
8 8 0.111204
8 9 0.055234
8 10 0
9 0 0
9 1 0.107461
9 2 0.198518
9 3 0.265035
9 4 0.300337
9 5 0.302013
9 6 0.272492
9 7 0.218421
9 8 0.149123
9 9 0.0740587
9 10 0
10 0 0
10 1 0.134116
10 2 0.248789
10 3 0.333511
10 4 0.379638
10 5 0.383895
10 6 0.348583
10 7 0.281032
10 8 0.192562
10 9 0.0957148
10 10 0
11 0 0
11 1 0.161876
11 2 0.300802
11 3 0.403675
11 4 0.460372
11 5 0.467428
11 6 0.427081
11 7 0.346665
11 8 0.238745
11 9 0.118913
11 10 0
12 0 0
12 1 0.189152
12 2 0.351242
12 3 0.470525
12 4 0.536271
12 5 0.545801
12 6 0.501525
12 7 0.410068
12 8 0.28417
12 9 0.141978
12 10 0
13 0 0
13 1 0.214554
13 2 0.397318
13 3 0.530094
13 4 0.602588
13 5 0.613874
13 6 0.566804
13 7 0.466772
13 8 0.325639
13 9 0.163314
13 10 0
14 0 0
14 1 0.237247
14 2 0.437431
14 3 0.580321
14 4 0.657104
14 5 0.669304
14 6 0.620395
14 7 0.514265
14 8 0.361139
14 9 0.181851
14 10 0
15 0 0
15 1 0.257222
15 2 0.471448
15 3 0.621082
15 4 0.69987
15 5 0.71223
15 6 0.662276
15 7 0.55222
15 8 0.39022
15 9 0.197289
15 10 0
16 0 0
16 1 0.275652
16 2 0.500788
16 3 0.653582
16 4 0.732039
16 5 0.744
16 6 0.693951
16 7 0.582144
16 8 0.414004
16 9 0.210279
16 10 0
17 0 0
17 1 0.295933
17 2 0.52887
17 3 0.679391
17 4 0.75396
17 5 0.765173
17 6 0.717333
17 7 0.606933
17 8 0.436075
17 9 0.222732
17 10 0
18 0 0
18 1 0.327412
18 2 0.562809
18 3 0.698839
18 4 0.761585
18 5 0.771866
18 6 0.732298
18 7 0.633498
18 8 0.463252
18 9 0.242634
18 10 0
19 0 0
19 1 0.399463
19 2 0.61858
19 3 0.702629
19 4 0.741392
19 5 0.749427
19 6 0.727602
19 7 0.666084
19 8 0.539751
19 9 0.27991
19 10 0
20 0 0
20 1 0.666667
20 2 0.666667
20 3 0.666667
20 4 0.666667
20 5 0.666667
20 6 0.666667
20 7 0.666667
20 8 0.666667
20 9 0.666667
20 10 0
