0 0 0
0 1 0
0 2 0
0 3 0
0 4 0
0 5 0
0 6 0
0 7 0
0 8 0
0 9 0
0 10 0
1 0 0
1 1 0.0303414
1 2 0.0556707
1 3 0.0739784
1 4 0.0836203
1 5 0.084001
1 6 0.0758518
1 7 0.0610308
1 8 0.0419722
1 9 0.0210317
1 10 0
2 0 0
2 1 0.0619745
2 2 0.114404
2 3 0.152993
2 4 0.173936
2 5 0.175572
2 6 0.15906
2 7 0.128125
2 8 0.0880094
2 9 0.0439831
2 10 0
3 0 0
3 1 0.0951959
3 2 0.176742
3 3 0.237704
3 4 0.271703
3 5 0.275694
3 6 0.250922
3 7 0.202726
3 8 0.139321
3 9 0.0695111
3 10 0
4 0 0
4 1 0.129192
4 2 0.240728
4 3 0.324722
4 4 0.372316
4 5 0.379388
4 6 0.347123
4 7 0.281818
4 8 0.1942
4 9 0.0968889
4 10 0
5 0 0
5 1 0.162384
5 2 0.302823
5 3 0.408306
5 4 0.468223
5 5 0.478349
5 6 0.439964
5 7 0.359432
5 8 0.248862
5 9 0.124367
5 10 0
6 0 0
6 1 0.192995
6 2 0.359285
6 3 0.482806
6 4 0.552347
6 5 0.564807
6 6 0.521909
6 7 0.429278
6 8 0.299015
6 9 0.149874
6 10 0
7 0 0
7 1 0.219617
7 2 0.40742
7 3 0.544659
7 4 0.620679
7 5 0.634478
7 6 0.588507
7 7 0.487177
7 8 0.341487
7 9 0.171778
7 10 0
8 0 0
8 1 0.241531
8 2 0.446155
8 3 0.592994
8 4 0.672783
8 5 0.68705
8 6 0.639076
8 7 0.531949
8 8 0.375014
8 9 0.189315
8 10 0
9 0 0
9 1 0.25873
9 2 0.475872
9 3 0.629017
9 4 0.710677
9 5 0.724844
9 6 0.675576
9 7 0.564759
9 8 0.400029
9 9 0.202566
9 10 0
10 0 0
10 1 0.271727
10 2 0.497861
10 3 0.654976
10 4 0.737367
10 5 0.751156
10 6 0.701033
10 7 0.587909
10 8 0.417934
10 9 0.21215
10 10 0
11 0 0
11 1 0.281298
11 2 0.513757
11 3 0.673308
11 4 0.755834
11 5 0.769155
11 6 0.718443
11 7 0.60387
11 8 0.430411
11 9 0.218881
11 10 0
12 0 0
12 1 0.288288
12 2 0.525172
12 3 0.686196
12 4 0.768569
12 5 0.781424
12 6 0.730287
12 7 0.614784
12 8 0.439008
12 9 0.223546
12 10 0
13 0 0
13 1 0.293503
13 2 0.53353
13 3 0.695411
13 4 0.77748
13 5 0.789894
13 6 0.738438
13 7 0.622325
13 8 0.444984
13 9 0.226804
13 10 0
14 0 0
14 1 0.29772
14 2 0.540076
14 3 0.702345
14 4 0.783951
14 5 0.795928
14 6 0.744242
14 7 0.62775
14 8 0.449334
14 9 0.229195
14 10 0
15 0 0
15 1 0.301822
15 2 0.546019
15 3 0.70808
15 4 0.788875
15 5 0.800373
15 6 0.748633
15 7 0.632053
15 8 0.452936
15 9 0.231219
15 10 0
16 0 0
16 1 0.307226
16 2 0.552886
16 3 0.713414
16 4 0.792451
16 5 0.803398
16 6 0.752149
16 7 0.636274
16 8 0.456886
16 9 0.23363
16 10 0
17 0 0
17 1 0.317098
17 2 0.56341
17 3 0.718621
17 4 0.79324
17 5 0.803565
17 6 0.75485
17 7 0.641899
17 8 0.463932
17 9 0.237983
17 10 0
18 0 0
18 1 0.340275
18 2 0.583615
18 3 0.722385
18 4 0.78515
18 5 0.794814
18 6 0.754553
18 7 0.654127
18 8 0.479719
18 9 0.251697
18 10 0
19 0 0
19 1 0.405492
19 2 0.628271
19 3 0.713675
19 4 0.752546
19 5 0.760288
19 6 0.738009
19 7 0.675568
19 8 0.547268
19 9 0.284083
19 10 0
20 0 0
20 1 0.666667
20 2 0.666667
20 3 0.666667
20 4 0.666667
20 5 0.666667
20 6 0.666667
20 7 0.666667
20 8 0.666667
20 9 0.666667
20 10 0
