0 0 0
0 1 0
0 2 0
0 3 0
0 4 0
0 5 0
0 6 0
0 7 0
0 8 0
0 9 0
0 10 0
1 0 0
1 1 0.0256158
1 2 0.0467471
1 3 0.0617101
1 4 0.0692825
1 5 0.0691685
1 6 0.0621424
1 7 0.0498199
1 8 0.0341904
1 9 0.0171175
1 10 0
2 0 0
2 1 0.0526817
2 2 0.0967384
2 3 0.128552
2 4 0.145199
2 5 0.145659
2 6 0.13126
2 7 0.10532
2 8 0.0721863
2 9 0.0360508
2 10 0
3 0 0
3 1 0.0818607
3 2 0.151303
3 3 0.20244
3 4 0.230125
3 5 0.232173
3 6 0.210154
3 7 0.169028
3 8 0.115843
3 9 0.0577465
3 10 0
4 0 0
4 1 0.112832
4 2 0.209606
4 3 0.281833
4 4 0.321941
4 5 0.326521
4 6 0.297126
4 7 0.239974
4 8 0.164761
4 9 0.0820797
4 10 0
5 0 0
5 1 0.144423
5 2 0.268999
5 3 0.362378
5 4 0.414896
5 5 0.422462
5 6 0.386582
5 7 0.314009
5 8 0.216409
5 9 0.107906
5 10 0
6 0 0
6 1 0.174986
6 2 0.325926
6 3 0.438516
6 4 0.501847
6 5 0.51217
6 6 0.471159
6 7 0.385268
6 8 0.266958
6 9 0.133421
6 10 0
7 0 0
7 1 0.2029
7 2 0.377092
7 3 0.505479
7 4 0.576999
7 5 0.589335
7 6 0.544635
7 7 0.448397
7 8 0.312647
7 9 0.156772
7 10 0
8 0 0
8 1 0.226997
8 2 0.420374
8 3 0.560637
8 4 0.637566
8 5 0.651024
8 6 0.603854
8 7 0.500268
8 8 0.350983
8 9 0.176641
8 10 0
9 0 0
9 1 0.246765
9 2 0.455107
9 3 0.603668
9 4 0.683719
9 5 0.697562
9 6 0.648796
9 7 0.540319
9 8 0.381173
9 9 0.192501
9 10 0
10 0 0
10 1 0.262304
10 2 0.481826
10 3 0.635877
10 4 0.717479
10 5 0.731235
10 6 0.681436
10 7 0.569823
10 8 0.40379
10 9 0.204526
10 10 0
11 0 0
11 1 0.274135
11 2 0.50177
11 3 0.659325
11 4 0.741532
11 5 0.754965
11 6 0.704473
11 7 0.590874
11 8 0.420143
11 9 0.213305
11 10 0
12 0 0
12 1 0.282994
12 2 0.516431
12 3 0.676171
12 4 0.758468
12 5 0.771484
12 6 0.720506
12 7 0.605635
12 8 0.431726
12 9 0.21957
12 10 0
13 0 0
13 1 0.289678
13 2 0.527283
13 3 0.688342
13 4 0.770442
13 5 0.783018
13 6 0.731678
13 7 0.615979
13 8 0.439909
13 9 0.224023
13 10 0
14 0 0
14 1 0.295009
14 2 0.535687
14 3 0.69743
14 4 0.779104
14 5 0.791221
14 6 0.739621
14 7 0.623404
14 8 0.445845
14 9 0.227278
14 10 0
15 0 0
15 1 0.299939
15 2 0.542989
15 3 0.704715
15 4 0.78558
15 5 0.797189
15 6 0.745513
15 7 0.629115
15 8 0.450572
15 9 0.229918
15 10 0
16 0 0
16 1 0.305949
16 2 0.550843
16 3 0.711157
16 4 0.790252
16 5 0.80128
16 6 0.750079
16 7 0.634325
16 8 0.455316
16 9 0.232765
16 10 0
17 0 0
17 1 0.316267
17 2 0.562085
17 3 0.717162
17 4 0.791819
17 5 0.802201
17 6 0.753522
17 7 0.640651
17 8 0.462928
17 9 0.237428
17 10 0
18 0 0
18 1 0.339779
18 2 0.582827
18 3 0.721515
18 4 0.784298
18 5 0.793996
18 6 0.753763
18 7 0.653392
18 8 0.479128
18 9 0.25137
18 10 0
19 0 0
19 1 0.405262
19 2 0.627907
19 3 0.713267
19 4 0.752141
19 5 0.759899
19 6 0.737638
19 7 0.67523
19 8 0.546999
19 9 0.283933
19 10 0
20 0 0
20 1 0.666667
20 2 0.666667
20 3 0.666667
20 4 0.666667
20 5 0.666667
20 6 0.666667
20 7 0.666667
20 8 0.666667
20 9 0.666667
20 10 0
