0 0 0
0 1 0
0 2 0
0 3 0
0 4 0
0 5 0
0 6 0
0 7 0
0 8 0
0 9 0
0 10 0
1 0 0
1 1 0.015983
1 2 0.0287953
1 3 0.0374241
1 4 0.0413738
1 5 0.040756
1 6 0.0362407
1 7 0.0288575
1 8 0.0197337
1 9 0.00986746
1 10 0
2 0 0
2 1 0.0333793
2 2 0.060478
2 3 0.0790931
2 4 0.0879308
2 5 0.0869822
2 6 0.0775294
2 7 0.0617632
2 8 0.0421891
2 9 0.0210579
2 10 0
3 0 0
3 1 0.0532573
3 2 0.0971804
3 3 0.128096
3 4 0.143441
3 5 0.14271
3 6 0.127672
3 7 0.10185
3 8 0.0695239
3 9 0.0346398
3 10 0
4 0 0
4 1 0.0761533
4 2 0.139963
4 3 0.185953
4 4 0.209787
4 5 0.21006
4 6 0.188823
4 7 0.151018
4 8 0.103107
4 9 0.0513005
4 10 0
5 0 0
5 1 0.101938
5 2 0.18851
5 3 0.252093
5 4 0.286233
5 5 0.288398
5 6 0.260685
5 7 0.209308
5 8 0.143119
5 9 0.071163
5 10 0
6 0 0
6 1 0.129785
6 2 0.241022
6 3 0.323634
6 4 0.369064
6 5 0.373827
6 6 0.339922
6 7 0.274378
6 8 0.188196
6 9 0.0936216
6 10 0
7 0 0
7 1 0.158311
7 2 0.294536
7 3 0.395933
7 4 0.452317
7 5 0.459913
7 6 0.420675
7 7 0.341746
7 8 0.235512
7 9 0.117364
7 10 0
8 0 0
8 1 0.185901
8 2 0.34569
8 3 0.463927
8 4 0.529648
8 5 0.539754
8 6 0.496382
8 7 0.406068
8 8 0.281495
8 9 0.140681
8 10 0
9 0 0
9 1 0.211099
9 2 0.391623
9 3 0.523625
9 4 0.596337
9 5 0.608251
9 6 0.561954
9 7 0.462863
9 8 0.322917
9 9 0.161954
9 10 0
10 0 0
10 1 0.232917
10 2 0.430598
10 3 0.572975
10 4 0.650305
10 5 0.663243
10 6 0.615002
10 7 0.509668
10 8 0.357752
10 9 0.180091
10 10 0
11 0 0
11 1 0.250959
11 2 0.462145
11 3 0.611843
11 4 0.69186
11 5 0.705177
11 6 0.65568
11 7 0.546149
11 8 0.385414
11 9 0.194681
11 10 0
12 0 0
12 1 0.265367
12 2 0.486802
12 3 0.641417
12 4 0.722768
12 5 0.736032
12 6 0.685709
12 7 0.573444
12 8 0.406444
12 9 0.205899
12 10 0
13 0 0
13 1 0.276668
13 2 0.505725
13 3 0.663504
13 4 0.745323
13 5 0.758282
13 6 0.707392
13 7 0.593363
13 8 0.421994
13 9 0.214274
13 10 0
14 0 0
14 1 0.285652
14 2 0.520362
14 3 0.68003
14 4 0.761732
14 5 0.774239
14 6 0.722957
14 7 0.607815
14 8 0.433421
14 9 0.220486
14 10 0
15 0 0
15 1 0.293371
15 2 0.532334
15 3 0.692757
15 4 0.773762
15 5 0.785708
15 6 0.734259
15 7 0.618559
15 8 0.442122
15 9 0.225283
15 10 0
16 0 0
16 1 0.301469
16 2 0.543629
16 3 0.70313
16 4 0.782375
16 5 0.793666
16 6 0.742632
16 7 0.627332
16 8 0.449703
16 9 0.229678
16 10 0
17 0 0
17 1 0.313342
17 2 0.557403
17 3 0.711975
17 4 0.786744
17 5 0.797313
17 6 0.748761
17 7 0.636189
17 8 0.459342
17 9 0.235452
17 10 0
18 0 0
18 1 0.338031
18 2 0.580042
18 3 0.718424
18 4 0.781262
18 5 0.791077
18 6 0.750944
18 7 0.650773
18 8 0.477026
18 9 0.250208
18 10 0
19 0 0
19 1 0.40445
19 2 0.626618
19 3 0.711821
19 4 0.750704
19 5 0.758515
19 6 0.736317
19 7 0.674026
19 8 0.546042
19 9 0.283401
19 10 0
20 0 0
20 1 0.666667
20 2 0.666667
20 3 0.666667
20 4 0.666667
20 5 0.666667
20 6 0.666667
20 7 0.666667
20 8 0.666667
20 9 0.666667
20 10 0
