0 0 0
0 1 0
0 2 0
0 3 0
0 4 0
0 5 0
0 6 0
0 7 0
0 8 0
0 9 0
0 10 0
1 0 0
1 1 0.0305787
1 2 0.0561204
1 3 0.0745997
1 4 0.0843502
1 5 0.0847602
1 6 0.076557
1 7 0.0616098
1 8 0.0423752
1 9 0.0212346
1 10 0
2 0 0
2 1 0.0624382
2 2 0.115289
2 3 0.154221
2 4 0.175387
2 5 0.177089
2 6 0.160477
2 7 0.129294
2 8 0.0888227
2 9 0.0443914
2 10 0
3 0 0
3 1 0.0958545
3 2 0.178
3 3 0.239452
3 4 0.273769
3 5 0.277865
3 6 0.252968
3 7 0.204426
3 8 0.14051
3 9 0.0701087
3 10 0
4 0 0
4 1 0.129989
4 2 0.242243
4 3 0.326808
4 4 0.374765
4 5 0.381965
4 6 0.349574
4 7 0.283884
4 8 0.195663
4 9 0.0976271
4 10 0
5 0 0
5 1 0.163245
5 2 0.304439
5 3 0.41049
5 4 0.470752
5 5 0.481001
5 6 0.442511
5 7 0.361617
5 8 0.250435
5 9 0.125169
5 10 0
6 0 0
6 1 0.193843
6 2 0.360848
6 3 0.484866
6 4 0.554682
6 5 0.56724
6 6 0.524266
6 7 0.431339
6 8 0.30053
6 9 0.150656
6 10 0
7 0 0
7 1 0.220391
7 2 0.408815
7 3 0.546445
7 4 0.622655
7 5 0.636516
7 6 0.590496
7 7 0.48895
7 8 0.342817
7 9 0.172474
7 10 0
8 0 0
8 1 0.242194
8 2 0.447321
8 3 0.594443
8 4 0.674349
8 5 0.688647
8 6 0.640643
8 7 0.533369
8 8 0.3761
8 9 0.189891
8 10 0
9 0 0
9 1 0.259269
9 2 0.476799
9 3 0.630139
9 4 0.71186
9 5 0.726038
9 6 0.676751
9 7 0.565838
9 8 0.400868
9 9 0.203016
9 10 0
10 0 0
10 1 0.272146
10 2 0.498569
10 3 0.655813
10 4 0.738233
10 5 0.752021
10 6 0.701885
10 7 0.588699
10 8 0.418556
10 9 0.212487
10 10 0
11 0 0
11 1 0.281614
11 2 0.514283
11 3 0.673918
11 4 0.756454
11 5 0.769768
11 6 0.719047
11 7 0.604435
11 8 0.430859
11 9 0.219126
11 10 0
12 0 0
12 1 0.28852
12 2 0.525553
12 3 0.686631
12 4 0.769005
12 5 0.781852
12 6 0.730709
12 7 0.61518
12 8 0.439324
12 9 0.223719
12 10 0
13 0 0
13 1 0.29367
13 2 0.533802
13 3 0.695717
13 4 0.777784
13 5 0.79019
13 6 0.738729
13 7 0.622599
13 8 0.445204
13 9 0.226925
13 10 0
14 0 0
14 1 0.297838
14 2 0.540267
14 3 0.702558
14 4 0.78416
14 5 0.796131
14 6 0.744441
14 7 0.627938
14 8 0.449485
14 9 0.229279
14 10 0
15 0 0
15 1 0.301904
15 2 0.546151
15 3 0.708226
15 4 0.789017
15 5 0.800511
15 6 0.748768
15 7 0.632181
15 8 0.453038
15 9 0.231276
15 10 0
16 0 0
16 1 0.307282
16 2 0.552975
16 3 0.713512
16 4 0.792546
16 5 0.803489
16 6 0.752239
16 7 0.636358
16 8 0.456954
16 9 0.233668
16 10 0
17 0 0
17 1 0.317134
17 2 0.563468
17 3 0.718685
17 4 0.793301
17 5 0.803624
17 6 0.754908
17 7 0.641953
17 8 0.463976
17 9 0.238007
17 10 0
18 0 0
18 1 0.340296
18 2 0.583649
18 3 0.722423
18 4 0.785187
18 5 0.79485
18 6 0.754588
18 7 0.654159
18 8 0.479745
18 9 0.251711
18 10 0
19 0 0
19 1 0.405502
19 2 0.628287
19 3 0.713693
19 4 0.752563
19 5 0.760305
19 6 0.738025
19 7 0.675583
19 8 0.54728
19 9 0.28409
19 10 0
20 0 0
20 1 0.666667
20 2 0.666667
20 3 0.666667
20 4 0.666667
20 5 0.666667
20 6 0.666667
20 7 0.666667
20 8 0.666667
20 9 0.666667
20 10 0
