0 0 0
0 1 0
0 2 0
0 3 0
0 4 0
0 5 0
0 6 0
0 7 0
0 8 0
0 9 0
0 10 0
1 0 0
1 1 0.000887855
1 2 0.00155919
1 3 0.00196708
1 4 0.00211732
1 5 0.00204479
1 6 0.00179726
1 7 0.00142507
1 8 0.000975347
1 9 0.000489087
1 10 0
2 0 0
2 1 0.00190258
2 2 0.0033409
2 3 0.00421371
2 4 0.00453305
2 5 0.00437419
2 6 0.00384073
2 7 0.00304199
2 8 0.00207987
2 9 0.00104215
2 10 0
3 0 0
3 1 0.00319163
3 2 0.0056047
3 3 0.00706746
3 4 0.00759845
3 5 0.00732456
3 6 0.00642242
3 7 0.00507895
3 8 0.00346752
3 9 0.00173556
3 10 0
4 0 0
4 1 0.00494563
4 2 0.008689
4 3 0.0109597
4 4 0.0117804
4 5 0.0113465
4 6 0.00993566
4 7 0.00784439
4 8 0.00534681
4 9 0.00267281
4 10 0
5 0 0
5 1 0.00742355
5 2 0.0130589
5 3 0.016491
5 4 0.017737
5 5 0.0170811
5 6 0.0149439
5 7 0.0117819
5 8 0.00801807
5 9 0.00400301
5 10 0
6 0 0
6 1 0.0109793
6 2 0.0193591
6 3 0.0245078
6 4 0.026409
6 5 0.0254553
6 6 0.0222678
6 7 0.0175399
6 8 0.0119209
6 9 0.00594433
6 10 0
7 0 0
7 1 0.0160851
7 2 0.0284658
7 3 0.0361833
7 4 0.0391237
7 5 0.0377946
7 6 0.0330908
7 7 0.0260577
7 8 0.0176924
7 9 0.00881246
7 10 0
8 0 0
8 1 0.0233415
8 2 0.0415186
8 3 0.0530802
8 4 0.0576867
8 5 0.0559314
8 6 0.0490668
8 7 0.0386542
8 8 0.0262273
8 9 0.0130501
8 10 0
9 0 0
9 1 0.0334552
9 2 0.0598943
9 3 0.0771409
9 4 0.0843996
9 5 0.0822499
9 6 0.0723786
9 7 0.0570834
9 8 0.0387176
9 9 0.019245
9 10 0
10 0 0
10 1 0.047161
10 2 0.0850693
10 3 0.110514
10 4 0.121884
10 5 0.119539
10 6 0.105635
10 7 0.0834715
10 8 0.056615
10 9 0.028112
10 10 0
11 0 0
11 1 0.0650721
11 2 0.118314
11 3 0.155104
11 4 0.172546
11 5 0.170464
11 6 0.151432
11 7 0.12
11 8 0.0814351
11 9 0.0403991
11 10 0
12 0 0
12 1 0.0874704
12 2 0.160224
12 3 0.211807
12 4 0.237579
12 5 0.236503
12 6 0.211411
12 7 0.168212
12 8 0.114324
12 9 0.056686
12 10 0
13 0 0
13 1 0.114113
13 2 0.210223
13 3 0.279634
13 4 0.315739
13 5 0.316554
13 6 0.284958
13 7 0.228002
13 8 0.155425
13 9 0.077093
13 10 0
14 0 0
14 1 0.144184
14 2 0.266356
14 3 0.35524
14 4 0.402609
14 5 0.406006
14 6 0.368224
14 7 0.29679
14 8 0.203334
14 9 0.101033
14 10 0
15 0 0
15 1 0.176571
15 2 0.325696
15 3 0.433439
15 4 0.491219
15 5 0.497321
15 6 0.454517
15 7 0.36969
15 8 0.255168
15 9 0.127238
15 10 0
16 0 0
16 1 0.210628
16 2 0.385537
16 3 0.508709
16 4 0.573909
16 5 0.582177
16 6 0.536335
16 7 0.441204
16 8 0.307644
16 9 0.154357
16 10 0
17 0 0
17 1 0.247851
17 2 0.445327
17 3 0.576716
17 4 0.643786
17 5 0.653257
17 6 0.607889
17 7 0.507681
17 8 0.359807
17 9 0.182084
17 10 0
18 0 0
18 1 0.296157
18 2 0.509494
18 3 0.634361
18 4 0.693116
18 5 0.702773
18 6 0.664871
18 7 0.571996
18 8 0.415333
18 9 0.216751
18 10 0
19 0 0
19 1 0.384232
19 2 0.592974
19 3 0.671771
19 4 0.708616
19 5 0.71646
19 6 0.695697
19 7 0.637218
19 8 0.517193
19 9 0.267536
19 10 0
20 0 0
20 1 0.666667
20 2 0.666667
20 3 0.666667
20 4 0.666667
20 5 0.666667
20 6 0.666667
20 7 0.666667
20 8 0.666667
20 9 0.666667
20 10 0
