0 0 0
0 1 0
0 2 0
0 3 0
0 4 0
0 5 0
0 6 0
0 7 0
0 8 0
0 9 0
0 10 0
1 0 0
1 1 0.0305235
1 2 0.0560158
1 3 0.0744552
1 4 0.0841804
1 5 0.0845836
1 6 0.0763929
1 7 0.061475
1 8 0.0422814
1 9 0.0211874
1 10 0
2 0 0
2 1 0.0623304
2 2 0.115083
2 3 0.153935
2 4 0.17505
2 5 0.176736
2 6 0.160148
2 7 0.129022
2 8 0.0886335
2 9 0.0442964
2 10 0
3 0 0
3 1 0.0957014
3 2 0.177708
3 3 0.239046
3 4 0.273289
3 5 0.27736
3 6 0.252492
3 7 0.204031
3 8 0.140234
3 9 0.0699697
3 10 0
4 0 0
4 1 0.129804
4 2 0.241892
4 3 0.326323
4 4 0.374196
4 5 0.381367
4 6 0.349005
4 7 0.283404
4 8 0.195323
4 9 0.0974555
4 10 0
5 0 0
5 1 0.163045
5 2 0.304064
5 3 0.409983
5 4 0.470165
5 5 0.480386
5 6 0.44192
5 7 0.36111
5 8 0.25007
5 9 0.124982
5 10 0
6 0 0
6 1 0.193647
6 2 0.360485
6 3 0.484388
6 4 0.554141
6 5 0.566676
6 6 0.52372
6 7 0.430861
6 8 0.300178
6 9 0.150475
6 10 0
7 0 0
7 1 0.220212
7 2 0.408492
7 3 0.546031
7 4 0.622197
7 5 0.636044
7 6 0.590035
7 7 0.488539
7 8 0.342509
7 9 0.172313
7 10 0
8 0 0
8 1 0.24204
8 2 0.447051
8 3 0.594108
8 4 0.673986
8 5 0.688277
8 6 0.64028
8 7 0.53304
8 8 0.375849
8 9 0.189757
8 10 0
9 0 0
9 1 0.259144
9 2 0.476584
9 3 0.629879
9 4 0.711586
9 5 0.725762
9 6 0.676479
9 7 0.565588
9 8 0.400674
9 9 0.202912
9 10 0
10 0 0
10 1 0.272049
10 2 0.498405
10 3 0.655619
10 4 0.738033
10 5 0.751821
10 6 0.701688
10 7 0.588516
10 8 0.418412
10 9 0.212409
10 10 0
11 0 0
11 1 0.281541
11 2 0.514161
11 3 0.673777
11 4 0.75631
11 5 0.769626
11 6 0.718908
11 7 0.604304
11 8 0.430756
11 9 0.219069
11 10 0
12 0 0
12 1 0.288466
12 2 0.525465
12 3 0.68653
12 4 0.768904
12 5 0.781753
12 6 0.730612
12 7 0.615089
12 8 0.439251
12 9 0.223679
12 10 0
13 0 0
13 1 0.293632
13 2 0.533739
13 3 0.695646
13 4 0.777714
13 5 0.790122
13 6 0.738662
13 7 0.622535
13 8 0.445153
13 9 0.226897
13 10 0
14 0 0
14 1 0.29781
14 2 0.540223
14 3 0.702509
14 4 0.784112
14 5 0.796084
14 6 0.744395
14 7 0.627895
14 8 0.44945
14 9 0.229259
14 10 0
15 0 0
15 1 0.301885
15 2 0.54612
15 3 0.708193
15 4 0.788984
15 5 0.800479
15 6 0.748737
15 7 0.632151
15 8 0.453015
15 9 0.231263
15 10 0
16 0 0
16 1 0.307269
16 2 0.552955
16 3 0.713489
16 4 0.792524
16 5 0.803468
16 6 0.752218
16 7 0.636339
16 8 0.456939
16 9 0.233659
16 10 0
17 0 0
17 1 0.317126
17 2 0.563454
17 3 0.71867
17 4 0.793287
17 5 0.80361
17 6 0.754895
17 7 0.64194
17 8 0.463966
17 9 0.238001
17 10 0
18 0 0
18 1 0.340291
18 2 0.583641
18 3 0.722414
18 4 0.785179
18 5 0.794841
18 6 0.75458
18 7 0.654152
18 8 0.479739
18 9 0.251708
18 10 0
19 0 0
19 1 0.4055
19 2 0.628284
19 3 0.713689
19 4 0.752559
19 5 0.760302
19 6 0.738021
19 7 0.67558
19 8 0.547277
19 9 0.284088
19 10 0
20 0 0
20 1 0.666667
20 2 0.666667
20 3 0.666667
20 4 0.666667
20 5 0.666667
20 6 0.666667
20 7 0.666667
20 8 0.666667
20 9 0.666667
20 10 0
