0 0 0
0 1 0
0 2 0
0 3 0
0 4 0
0 5 0
0 6 0
0 7 0
0 8 0
0 9 0
0 10 0
1 0 0
1 1 0.026112
1 2 0.047681
1 3 0.0629884
1 4 0.0707694
1 5 0.0706995
1 6 0.0635515
1 7 0.0509683
1 8 0.0349859
1 9 0.0175172
1 10 0
2 0 0
2 1 0.0536627
2 2 0.0985979
2 3 0.131116
2 4 0.148201
2 5 0.14877
2 6 0.134138
2 7 0.107672
2 8 0.073814
2 9 0.0368659
2 10 0
3 0 0
3 1 0.0832809
3 2 0.154008
3 3 0.206183
3 4 0.234527
3 5 0.236764
3 6 0.214434
3 7 0.172549
3 8 0.118288
3 9 0.0589693
3 10 0
4 0 0
4 1 0.114596
4 2 0.212961
4 3 0.28646
4 4 0.327374
4 5 0.332209
4 6 0.302479
4 7 0.244429
4 8 0.167879
4 9 0.0836443
4 10 0
5 0 0
5 1 0.146386
5 2 0.272705
5 3 0.367428
5 4 0.420772
5 5 0.428614
5 6 0.392431
5 7 0.318953
5 8 0.219919
5 9 0.10968
5 10 0
6 0 0
6 1 0.176984
6 2 0.329642
6 3 0.44348
6 4 0.507532
6 5 0.518098
6 6 0.47685
6 7 0.390168
6 8 0.270502
6 9 0.135231
6 10 0
7 0 0
7 1 0.204781
7 2 0.380525
7 3 0.509948
7 4 0.58201
7 5 0.594521
7 6 0.549658
7 7 0.452806
7 8 0.315902
7 9 0.158457
7 10 0
8 0 0
8 1 0.228655
8 2 0.423334
8 3 0.564382
8 4 0.641668
8 5 0.655229
8 6 0.607954
8 7 0.503933
8 8 0.353744
8 9 0.17809
8 10 0
9 0 0
9 1 0.248146
9 2 0.457519
9 3 0.606635
9 4 0.686894
9 5 0.700783
9 6 0.651951
9 7 0.543183
9 8 0.383369
9 9 0.193669
9 10 0
10 0 0
10 1 0.263402
10 2 0.483705
10 3 0.638131
10 4 0.719839
10 5 0.733605
10 6 0.683763
10 7 0.571963
10 8 0.405455
10 9 0.20542
10 10 0
11 0 0
11 1 0.274976
11 2 0.503184
11 3 0.660984
11 4 0.743237
11 5 0.75666
11 6 0.706141
11 7 0.59242
11 8 0.42136
11 9 0.213965
11 10 0
12 0 0
12 1 0.283619
12 2 0.517467
12 3 0.677365
12 4 0.759675
12 5 0.772674
12 6 0.721676
12 7 0.606727
12 8 0.432593
12 9 0.220043
12 10 0
13 0 0
13 1 0.290131
13 2 0.528025
13 3 0.689185
13 4 0.771284
13 5 0.783841
13 6 0.732487
13 7 0.616738
13 8 0.440514
13 9 0.224354
13 10 0
14 0 0
14 1 0.295331
14 2 0.536209
14 3 0.698017
14 4 0.779684
14 5 0.791785
14 6 0.740174
14 7 0.623923
14 8 0.446262
14 9 0.227507
14 10 0
15 0 0
15 1 0.300163
15 2 0.54335
15 3 0.705117
15 4 0.785974
15 5 0.79757
15 6 0.745886
15 7 0.629466
15 8 0.450854
15 9 0.230073
15 10 0
16 0 0
16 1 0.306101
16 2 0.551086
16 3 0.711426
16 4 0.790514
16 5 0.801533
16 6 0.750326
16 7 0.634557
16 8 0.455504
16 9 0.232868
16 10 0
17 0 0
17 1 0.316366
17 2 0.562243
17 3 0.717336
17 4 0.791988
17 5 0.802363
17 6 0.75368
17 7 0.6408
17 8 0.463047
17 9 0.237494
17 10 0
18 0 0
18 1 0.339838
18 2 0.582921
18 3 0.721618
18 4 0.7844
18 5 0.794094
18 6 0.753857
18 7 0.65348
18 8 0.479199
18 9 0.251409
18 10 0
19 0 0
19 1 0.405289
19 2 0.62795
19 3 0.713316
19 4 0.752189
19 5 0.759946
19 6 0.737682
19 7 0.67527
19 8 0.547031
19 9 0.283951
19 10 0
20 0 0
20 1 0.666667
20 2 0.666667
20 3 0.666667
20 4 0.666667
20 5 0.666667
20 6 0.666667
20 7 0.666667
20 8 0.666667
20 9 0.666667
20 10 0
