0 0 0
0 1 0
0 2 0
0 3 0
0 4 0
0 5 0
0 6 0
0 7 0
0 8 0
0 9 0
0 10 0
1 0 0
1 1 0.0305895
1 2 0.0561408
1 3 0.074628
1 4 0.0843835
1 5 0.0847948
1 6 0.0765891
1 7 0.0616362
1 8 0.0423936
1 9 0.0212439
1 10 0
2 0 0
2 1 0.0624593
2 2 0.115329
2 3 0.154277
2 4 0.175453
2 5 0.177158
2 6 0.160542
2 7 0.129347
2 8 0.0888598
2 9 0.04441
2 10 0
3 0 0
3 1 0.0958844
3 2 0.178058
3 3 0.239531
3 4 0.273863
3 5 0.277964
3 6 0.253061
3 7 0.204504
3 8 0.140565
3 9 0.0701359
3 10 0
4 0 0
4 1 0.130026
4 2 0.242312
4 3 0.326902
4 4 0.374876
4 5 0.382083
4 6 0.349686
4 7 0.283978
4 8 0.195729
4 9 0.0976607
4 10 0
5 0 0
5 1 0.163284
5 2 0.304513
5 3 0.410589
5 4 0.470867
5 5 0.481121
5 6 0.442627
5 7 0.361717
5 8 0.250507
5 9 0.125205
5 10 0
6 0 0
6 1 0.193882
6 2 0.360919
6 3 0.484959
6 4 0.554788
6 5 0.56735
6 6 0.524373
6 7 0.431433
6 8 0.300599
6 9 0.150692
6 10 0
7 0 0
7 1 0.220426
7 2 0.408878
7 3 0.546526
7 4 0.622745
7 5 0.636609
7 6 0.590586
7 7 0.489031
7 8 0.342878
7 9 0.172506
7 10 0
8 0 0
8 1 0.242224
8 2 0.447374
8 3 0.594509
8 4 0.67442
8 5 0.688719
8 6 0.640714
8 7 0.533433
8 8 0.37615
8 9 0.189917
8 10 0
9 0 0
9 1 0.259293
9 2 0.476841
9 3 0.630189
9 4 0.711913
9 5 0.726092
9 6 0.676804
9 7 0.565887
9 8 0.400906
9 9 0.203036
9 10 0
10 0 0
10 1 0.272165
10 2 0.498601
10 3 0.655851
10 4 0.738272
10 5 0.75206
10 6 0.701923
10 7 0.588735
10 8 0.418584
10 9 0.212502
10 10 0
11 0 0
11 1 0.281629
11 2 0.514307
11 3 0.673945
11 4 0.756482
11 5 0.769796
11 6 0.719075
11 7 0.60446
11 8 0.43088
11 9 0.219137
11 10 0
12 0 0
12 1 0.288531
12 2 0.525571
12 3 0.68665
12 4 0.769025
12 5 0.781871
12 6 0.730728
12 7 0.615198
12 8 0.439338
12 9 0.223727
12 10 0
13 0 0
13 1 0.293678
13 2 0.533814
13 3 0.695731
13 4 0.777798
13 5 0.790204
13 6 0.738742
13 7 0.622611
13 8 0.445214
13 9 0.226931
13 10 0
14 0 0
14 1 0.297843
14 2 0.540276
14 3 0.702567
14 4 0.78417
14 5 0.79614
14 6 0.74445
14 7 0.627947
14 8 0.449492
14 9 0.229282
14 10 0
15 0 0
15 1 0.301908
15 2 0.546156
15 3 0.708233
15 4 0.789024
15 5 0.800517
15 6 0.748774
15 7 0.632186
15 8 0.453043
15 9 0.231279
15 10 0
16 0 0
16 1 0.307285
16 2 0.552979
16 3 0.713516
16 4 0.79255
16 5 0.803493
16 6 0.752243
16 7 0.636362
16 8 0.456957
16 9 0.23367
16 10 0
17 0 0
17 1 0.317136
17 2 0.56347
17 3 0.718687
17 4 0.793304
17 5 0.803627
17 6 0.754911
17 7 0.641955
17 8 0.463978
17 9 0.238008
17 10 0
18 0 0
18 1 0.340297
18 2 0.583651
18 3 0.722425
18 4 0.785189
18 5 0.794851
18 6 0.754589
18 7 0.654161
18 8 0.479746
18 9 0.251712
18 10 0
19 0 0
19 1 0.405503
19 2 0.628288
19 3 0.713694
19 4 0.752564
19 5 0.760306
19 6 0.738026
19 7 0.675584
19 8 0.54728
19 9 0.28409
19 10 0
20 0 0
20 1 0.666667
20 2 0.666667
20 3 0.666667
20 4 0.666667
20 5 0.666667
20 6 0.666667
20 7 0.666667
20 8 0.666667
20 9 0.666667
20 10 0
