0 0 0
0 1 0
0 2 0
0 3 0
0 4 0
0 5 0
0 6 0
0 7 0
0 8 0
0 9 0
0 10 0
1 0 0
1 1 0.0294987
1 2 0.0540744
1 3 0.0717754
1 4 0.0810348
1 5 0.081315
1 6 0.0733596
1 7 0.0589865
1 8 0.0405503
1 9 0.0203157
1 10 0
2 0 0
2 1 0.0603252
2 2 0.111261
2 3 0.14863
2 4 0.168789
2 5 0.170192
2 6 0.15404
2 7 0.123992
2 8 0.0851348
2 9 0.0425404
2 10 0
3 0 0
3 1 0.092848
3 2 0.172257
3 3 0.231479
3 4 0.264347
3 5 0.267968
3 6 0.243654
3 7 0.196691
3 8 0.135102
3 9 0.0673936
3 10 0
4 0 0
4 1 0.126343
4 2 0.235311
4 3 0.317264
4 4 0.363555
4 5 0.370174
4 6 0.33837
4 7 0.274452
4 8 0.188993
4 9 0.0942627
4 10 0
5 0 0
5 1 0.159295
5 2 0.297022
5 3 0.400457
5 4 0.459131
5 5 0.468812
5 6 0.430815
5 7 0.351597
5 8 0.24323
5 9 0.1215
5 10 0
6 0 0
6 1 0.189941
6 2 0.353652
6 3 0.47537
6 4 0.543906
6 5 0.556013
6 6 0.513397
6 7 0.421845
6 8 0.293563
6 9 0.147063
6 10 0
7 0 0
7 1 0.21682
7 2 0.402374
7 3 0.538188
7 4 0.613505
7 5 0.627075
7 6 0.581288
7 7 0.480753
7 8 0.336675
7 9 0.169262
7 10 0
8 0 0
8 1 0.239129
8 2 0.441921
8 3 0.587721
8 4 0.66708
8 5 0.681228
8 6 0.633369
8 7 0.526784
8 8 0.37107
8 9 0.187225
8 10 0
9 0 0
9 1 0.256775
9 2 0.472498
9 3 0.624929
9 4 0.706356
9 5 0.720482
9 6 0.671285
9 7 0.560823
9 8 0.396975
9 9 0.200929
9 10 0
10 0 0
10 1 0.2702
10 2 0.495277
10 3 0.651919
10 4 0.734201
10 5 0.747993
10 6 0.697916
10 7 0.585021
10 8 0.415665
10 9 0.210923
10 10 0
11 0 0
11 1 0.280146
11 2 0.511837
11 3 0.671081
11 4 0.753567
11 5 0.76691
11 6 0.716231
11 7 0.601806
11 8 0.428774
11 9 0.21799
11 10 0
12 0 0
12 1 0.28744
12 2 0.523777
12 3 0.684603
12 4 0.766971
12 5 0.779854
12 6 0.728741
12 7 0.613335
12 8 0.437851
12 9 0.222913
12 10 0
13 0 0
13 1 0.292893
13 2 0.532536
13 3 0.69429
13 4 0.776367
13 5 0.788808
13 6 0.73737
13 7 0.62132
13 8 0.44418
13 9 0.226363
13 10 0
14 0 0
14 1 0.297288
14 2 0.539379
14 3 0.701566
14 4 0.783184
14 5 0.795184
14 6 0.743511
14 7 0.627062
14 8 0.448781
14 9 0.228891
14 10 0
15 0 0
15 1 0.301522
15 2 0.545537
15 3 0.707547
15 4 0.788353
15 5 0.799869
15 6 0.748139
15 7 0.631588
15 8 0.452561
15 9 0.231013
15 10 0
16 0 0
16 1 0.307023
16 2 0.552561
16 3 0.713056
16 4 0.792102
16 5 0.803062
16 6 0.751821
16 7 0.635964
16 8 0.456637
16 9 0.233493
16 10 0
17 0 0
17 1 0.316966
17 2 0.563199
17 3 0.718389
17 4 0.793014
17 5 0.803348
17 6 0.754639
17 7 0.6417
17 8 0.463773
17 9 0.237894
17 10 0
18 0 0
18 1 0.340196
18 2 0.583489
18 3 0.722247
18 4 0.785015
18 5 0.794684
18 6 0.754427
18 7 0.65401
18 8 0.479625
18 9 0.251645
18 10 0
19 0 0
19 1 0.405455
19 2 0.628213
19 3 0.71361
19 4 0.752481
19 5 0.760227
19 6 0.73795
19 7 0.675514
19 8 0.547225
19 9 0.284059
19 10 0
20 0 0
20 1 0.666667
20 2 0.666667
20 3 0.666667
20 4 0.666667
20 5 0.666667
20 6 0.666667
20 7 0.666667
20 8 0.666667
20 9 0.666667
20 10 0
