0 0 0
0 1 0
0 2 0
0 3 0
0 4 0
0 5 0
0 6 0
0 7 0
0 8 0
0 9 0
0 10 0
1 0 0
1 1 0.0285688
1 2 0.0523154
1 3 0.0693519
1 4 0.078196
1 5 0.0783715
1 6 0.0706333
1 7 0.0567534
1 8 0.0389986
1 9 0.0195349
1 10 0
2 0 0
2 1 0.0585013
2 2 0.107789
2 3 0.143818
2 4 0.163119
2 5 0.164278
2 6 0.148531
2 7 0.119465
2 8 0.0819894
2 9 0.0409627
2 10 0
3 0 0
3 1 0.0902424
3 2 0.167282
3 3 0.224577
3 4 0.256199
3 5 0.259424
3 6 0.235631
3 7 0.190044
3 8 0.130463
3 9 0.0650668
3 10 0
4 0 0
4 1 0.123166
4 2 0.229267
4 3 0.308939
4 4 0.353776
4 5 0.359898
4 6 0.328628
4 7 0.266275
4 8 0.183226
4 9 0.0913574
4 10 0
5 0 0
5 1 0.155832
5 2 0.290508
5 3 0.391629
5 4 0.448893
5 5 0.458077
5 6 0.420536
5 7 0.342821
5 8 0.236939
5 9 0.118302
5 10 0
6 0 0
6 1 0.186495
6 2 0.347284
6 3 0.466943
6 4 0.53432
6 5 0.546024
6 6 0.503744
6 7 0.413442
6 8 0.287419
6 9 0.143902
6 10 0
7 0 0
7 1 0.213646
7 2 0.396634
7 3 0.530802
7 4 0.605298
7 5 0.6186
7 6 0.573036
7 7 0.473431
7 8 0.331208
7 9 0.16641
7 10 0
8 0 0
8 1 0.23639
8 2 0.437078
8 3 0.58167
8 4 0.660518
8 5 0.674523
8 6 0.626804
8 7 0.520858
8 8 0.366558
8 9 0.184839
8 10 0
9 0 0
9 1 0.254533
9 2 0.468622
9 3 0.620218
9 4 0.701364
9 5 0.715436
9 6 0.666326
9 7 0.556284
9 8 0.393461
9 9 0.199049
9 10 0
10 0 0
10 1 0.268444
10 2 0.492298
10 3 0.648385
10 4 0.730533
10 5 0.744324
10 6 0.694304
10 7 0.581679
10 8 0.413044
10 9 0.209507
10 10 0
11 0 0
11 1 0.278816
11 2 0.509618
11 3 0.668502
11 4 0.750936
11 5 0.764303
11 6 0.713663
11 7 0.599412
11 8 0.426879
11 9 0.21696
11 10 0
12 0 0
12 1 0.286461
12 2 0.522164
12 3 0.682758
12 4 0.765115
12 5 0.77803
12 6 0.726946
12 7 0.611653
12 8 0.436511
12 9 0.222181
12 10 0
13 0 0
13 1 0.292186
13 2 0.531384
13 3 0.692989
13 4 0.775075
13 5 0.787546
13 6 0.736129
13 7 0.620155
13 8 0.443246
13 9 0.225851
13 10 0
14 0 0
14 1 0.296788
14 2 0.53857
14 3 0.700662
14 4 0.782294
14 5 0.794321
14 6 0.742663
14 7 0.626264
14 8 0.44814
14 9 0.228539
14 10 0
15 0 0
15 1 0.301175
15 2 0.544979
15 3 0.706928
15 4 0.787748
15 5 0.799285
15 6 0.747566
15 7 0.631048
15 8 0.452126
15 9 0.230774
15 10 0
16 0 0
16 1 0.306788
16 2 0.552185
16 3 0.712641
16 4 0.791698
16 5 0.802673
16 6 0.751441
16 7 0.635606
16 8 0.456348
16 9 0.233333
16 10 0
17 0 0
17 1 0.316813
17 2 0.562955
17 3 0.718121
17 4 0.792753
17 5 0.803097
17 6 0.754395
17 7 0.641471
17 8 0.463588
17 9 0.237792
17 10 0
18 0 0
18 1 0.340104
18 2 0.583344
18 3 0.722086
18 4 0.784858
18 5 0.794533
18 6 0.754282
18 7 0.653875
18 8 0.479516
18 9 0.251585
18 10 0
19 0 0
19 1 0.405413
19 2 0.628146
19 3 0.713535
19 4 0.752407
19 5 0.760155
19 6 0.737881
19 7 0.675452
19 8 0.547175
19 9 0.284031
19 10 0
20 0 0
20 1 0.666667
20 2 0.666667
20 3 0.666667
20 4 0.666667
20 5 0.666667
20 6 0.666667
20 7 0.666667
20 8 0.666667
20 9 0.666667
20 10 0
