0 0 0
0 1 0
0 2 0
0 3 0
0 4 0
0 5 0
0 6 0
0 7 0
0 8 0
0 9 0
0 10 0
1 0 0
1 1 0.00137325
1 2 0.0023992
1 3 0.00300418
1 4 0.00320349
1 5 0.00306107
1 6 0.00266079
1 7 0.0020875
1 8 0.00141592
1 9 0.000705594
1 10 0
2 0 0
2 1 0.00297068
2 2 0.00519624
2 3 0.00651549
2 4 0.00695645
2 5 0.00665355
2 6 0.00578701
2 7 0.00454139
2 8 0.00308043
2 9 0.00153492
2 10 0
3 0 0
3 1 0.00504479
3 2 0.00884139
3 3 0.0111113
3 4 0.011888
3 5 0.0113887
3 6 0.00991578
3 7 0.00778542
3 8 0.00528142
3 9 0.00263137
3 10 0
4 0 0
4 1 0.0079056
4 2 0.0138939
4 3 0.017518
4 4 0.018799
4 5 0.0180515
4 6 0.0157408
4 7 0.0123683
4 8 0.00839181
4 9 0.00418054
4 10 0
5 0 0
5 1 0.0119481
5 2 0.0210779
5 3 0.026693
5 4 0.0287613
5 5 0.0277051
5 6 0.0242083
5 7 0.0190408
5 8 0.0129218
5 9 0.00643597
5 10 0
6 0 0
6 1 0.0176719
6 2 0.0313277
6 3 0.039899
6 4 0.0432159
6 5 0.041799
6 6 0.0366199
6 7 0.0288395
6 8 0.0195758
6 9 0.00974693
6 10 0
7 0 0
7 1 0.0256811
7 2 0.0458012
7 3 0.0587423
7 4 0.0640386
7 5 0.0622535
7 6 0.0547197
7 7 0.0431604
7 8 0.0293022
7 9 0.0145823
7 10 0
8 0 0
8 1 0.036646
8 2 0.0658222
8 3 0.0851159
8 4 0.0935003
8 5 0.0914457
8 6 0.0807006
8 7 0.0637737
8 8 0.0433052
8 9 0.0215356
8 10 0
9 0 0
9 1 0.0512076
9 2 0.0927
9 3 0.120957
9 4 0.134001
9 5 0.131963
9 6 0.117011
9 7 0.0926891
9 8 0.062961
9 9 0.0312833
9 10 0
10 0 0
10 1 0.069814
10 2 0.127391
10 3 0.167733
10 4 0.187437
10 5 0.185962
10 6 0.165801
10 7 0.131748
10 8 0.0895605
10 9 0.0444632
10 10 0
11 0 0
11 1 0.0925193
11 2 0.170039
11 3 0.225687
11 4 0.254204
11 5 0.254071
11 6 0.227933
11 7 0.181876
11 8 0.123839
11 9 0.0614544
11 10 0
12 0 0
12 1 0.118819
12 2 0.219567
12 3 0.293115
12 4 0.332169
12 5 0.334208
12 6 0.301838
12 7 0.242167
12 8 0.165388
12 9 0.0821051
12 10 0
13 0 0
13 1 0.147636
13 2 0.273599
13 3 0.366188
13 4 0.416383
13 5 0.421139
13 6 0.382962
13 7 0.309352
13 8 0.212269
13 9 0.105549
13 10 0
14 0 0
14 1 0.177555
14 2 0.32894
14 3 0.439736
14 4 0.500125
14 5 0.507571
14 6 0.464621
14 7 0.378296
14 8 0.261246
14 9 0.130294
14 10 0
15 0 0
15 1 0.20733
15 2 0.382557
15 3 0.508762
15 4 0.576935
15 5 0.586448
15 6 0.540141
15 7 0.443615
15 8 0.308789
15 9 0.154678
15 10 0
16 0 0
16 1 0.2367
16 2 0.432818
16 3 0.56985
16 4 0.642222
16 5 0.652853
16 6 0.604934
16 7 0.501691
16 8 0.352525
16 9 0.177673
16 10 0
17 0 0
17 1 0.267877
17 2 0.48087
17 3 0.62155
17 4 0.692956
17 5 0.703771
17 6 0.65724
17 7 0.551987
17 8 0.393413
17 9 0.199824
17 10 0
18 0 0
18 1 0.30952
18 2 0.532719
18 3 0.663091
18 4 0.724219
18 5 0.734503
18 6 0.695873
18 7 0.600099
18 8 0.437035
18 9 0.228392
18 10 0
19 0 0
19 1 0.390843
19 2 0.60427
19 3 0.685649
19 4 0.723606
19 5 0.731692
19 6 0.710477
19 7 0.65055
19 8 0.527557
19 9 0.273196
19 10 0
20 0 0
20 1 0.666667
20 2 0.666667
20 3 0.666667
20 4 0.666667
20 5 0.666667
20 6 0.666667
20 7 0.666667
20 8 0.666667
20 9 0.666667
20 10 0
