0 0 0
0 1 0
0 2 0
0 3 0
0 4 0
0 5 0
0 6 0
0 7 0
0 8 0
0 9 0
0 10 0
1 0 0
1 1 0.0142592
1 2 0.0256223
1 3 0.0331951
1 4 0.0365861
1 5 0.0359471
1 6 0.031904
1 7 0.0253742
1 8 0.0173417
1 9 0.00866991
1 10 0
2 0 0
2 1 0.0298691
2 2 0.0539629
2 3 0.0703327
2 4 0.0779345
2 5 0.0768798
2 6 0.0683854
2 7 0.0544123
2 8 0.0371497
2 9 0.0185424
2 10 0
3 0 0
3 1 0.047909
3 2 0.0871615
3 3 0.114491
3 4 0.127773
3 5 0.126749
3 6 0.113141
3 7 0.0901349
3 8 0.061496
3 9 0.0306427
3 10 0
4 0 0
4 1 0.0690244
4 2 0.126506
4 3 0.167536
4 4 0.188408
4 5 0.188103
4 6 0.168678
4 7 0.134686
4 8 0.091892
4 9 0.0457229
4 10 0
5 0 0
5 1 0.0932785
5 2 0.172101
5 3 0.22957
5 4 0.259984
5 5 0.261251
5 6 0.235545
5 7 0.188742
5 8 0.128915
5 9 0.06409
5 10 0
6 0 0
6 1 0.120066
6 2 0.222639
6 3 0.298505
6 4 0.339831
6 5 0.343465
6 6 0.311511
6 7 0.250834
6 8 0.171769
6 9 0.0854045
6 10 0
7 0 0
7 1 0.148176
7 2 0.275521
7 3 0.370247
7 4 0.422691
7 5 0.429125
7 6 0.391554
7 7 0.317216
7 8 0.218141
7 9 0.108604
7 10 0
8 0 0
8 1 0.176039
8 2 0.327444
8 3 0.439744
8 4 0.502168
8 5 0.511286
8 6 0.46918
8 7 0.382725
8 8 0.264655
8 9 0.132093
8 10 0
9 0 0
9 1 0.202099
9 2 0.375276
9 3 0.502476
9 4 0.572768
9 5 0.583989
9 6 0.538564
9 7 0.442404
9 8 0.307857
9 9 0.154173
9 10 0
10 0 0
10 1 0.225167
10 2 0.41681
10 3 0.555604
10 4 0.631364
10 5 0.64391
10 6 0.596233
10 7 0.492955
10 8 0.345201
10 9 0.173518
10 10 0
11 0 0
11 1 0.244617
11 2 0.451094
11 3 0.598285
11 4 0.677396
11 5 0.690555
11 6 0.641411
11 7 0.533246
11 8 0.375551
11 9 0.18945
11 10 0
12 0 0
12 1 0.260397
12 2 0.478311
12 3 0.63125
12 4 0.712143
12 5 0.725394
12 6 0.675295
12 7 0.563908
12 8 0.399045
12 9 0.201934
12 10 0
13 0 0
13 1 0.272915
13 2 0.499421
13 3 0.656117
13 4 0.737742
13 5 0.750761
13 6 0.700017
13 7 0.586545
13 8 0.416642
13 9 0.211381
13 10 0
14 0 0
14 1 0.282905
14 2 0.515816
14 3 0.674797
14 4 0.756445
14 5 0.769036
14 6 0.717853
14 7 0.603064
14 8 0.429659
14 9 0.218439
14 10 0
15 0 0
15 1 0.29142
15 2 0.529142
15 3 0.689136
15 4 0.770149
15 5 0.782178
15 6 0.730799
15 7 0.615323
15 8 0.439544
15 9 0.223873
15 10 0
16 0 0
16 1 0.300127
16 2 0.541454
16 3 0.700689
16 4 0.779963
16 5 0.791324
16 6 0.740339
16 7 0.625183
16 8 0.447984
16 9 0.228734
16 10 0
17 0 0
17 1 0.31246
17 2 0.555985
17 3 0.710394
17 4 0.785189
17 5 0.795809
17 6 0.747295
17 7 0.634818
17 8 0.458242
17 9 0.234846
17 10 0
18 0 0
18 1 0.337502
18 2 0.579197
18 3 0.717482
18 4 0.780333
18 5 0.79018
18 6 0.750077
18 7 0.649968
18 8 0.476381
18 9 0.249852
18 10 0
19 0 0
19 1 0.404204
19 2 0.626226
19 3 0.711381
19 4 0.750264
19 5 0.75809
19 6 0.735912
19 7 0.673656
19 8 0.545748
19 9 0.283237
19 10 0
20 0 0
20 1 0.666667
20 2 0.666667
20 3 0.666667
20 4 0.666667
20 5 0.666667
20 6 0.666667
20 7 0.666667
20 8 0.666667
20 9 0.666667
20 10 0
