0 0 0
0 1 0
0 2 0
0 3 0
0 4 0
0 5 0
0 6 0
0 7 0
0 8 0
0 9 0
0 10 0
1 0 0
1 1 0.0273684
1 2 0.0500487
1 3 0.0662355
1 4 0.0745539
1 5 0.0746039
1 6 0.0671512
1 7 0.0539062
1 8 0.0370224
1 9 0.0185409
1 10 0
2 0 0
2 1 0.0561409
2 2 0.103301
2 3 0.13761
2 4 0.155819
2 5 0.156679
2 6 0.141469
2 7 0.113672
2 8 0.0779706
2 9 0.0389481
2 10 0
3 0 0
3 1 0.0868553
3 2 0.160821
3 3 0.215618
3 4 0.245636
3 5 0.248367
3 6 0.225273
3 7 0.181483
3 8 0.124499
3 9 0.0620785
3 10 0
4 0 0
4 1 0.119011
4 2 0.221363
4 3 0.298045
4 4 0.34098
4 5 0.346467
4 6 0.315926
4 7 0.255644
4 8 0.175747
4 9 0.0875956
4 10 0
5 0 0
5 1 0.151272
5 2 0.28192
5 3 0.379967
5 4 0.435352
5 5 0.443885
5 6 0.406979
5 7 0.331284
5 8 0.228696
5 9 0.114122
5 10 0
6 0 0
6 1 0.181924
6 2 0.338818
6 3 0.455704
6 4 0.521505
6 5 0.532667
6 6 0.490864
6 7 0.402271
6 8 0.279281
6 9 0.139725
6 10 0
7 0 0
7 1 0.209405
7 2 0.388942
7 3 0.520867
7 4 0.594224
7 5 0.607155
7 6 0.561912
7 7 0.463595
7 8 0.323891
7 9 0.162603
7 10 0
8 0 0
8 1 0.232705
8 2 0.430544
8 3 0.573472
8 4 0.651597
8 5 0.665398
8 6 0.617881
8 7 0.51283
8 8 0.360467
8 9 0.181626
8 10 0
9 0 0
9 1 0.251502
9 2 0.463362
9 3 0.6138
9 4 0.69454
9 5 0.708531
9 6 0.659548
9 7 0.550096
9 8 0.388686
9 9 0.1965
9 10 0
10 0 0
10 1 0.266058
10 2 0.488239
10 3 0.643552
10 4 0.725502
10 5 0.739285
10 6 0.689346
10 7 0.577103
10 8 0.409465
10 9 0.207578
10 10 0
11 0 0
11 1 0.277003
11 2 0.506585
11 3 0.664965
11 4 0.747319
11 5 0.760715
11 6 0.710131
11 7 0.596126
11 8 0.424282
11 9 0.215549
11 10 0
12 0 0
12 1 0.285121
12 2 0.519953
12 3 0.680223
12 4 0.762561
12 5 0.775518
12 6 0.724473
12 7 0.60934
12 8 0.43467
12 9 0.221175
12 10 0
13 0 0
13 1 0.291219
13 2 0.529804
13 3 0.691202
13 4 0.773296
13 5 0.785809
13 6 0.734421
13 7 0.618551
13 8 0.441963
13 9 0.225148
13 10 0
14 0 0
14 1 0.296103
14 2 0.537461
14 3 0.69942
14 4 0.78107
14 5 0.793131
14 6 0.741496
14 7 0.625166
14 8 0.447258
14 9 0.228054
14 10 0
15 0 0
15 1 0.300699
15 2 0.544214
15 3 0.706077
15 4 0.786915
15 5 0.79848
15 6 0.746778
15 7 0.630305
15 8 0.451529
15 9 0.230445
15 10 0
16 0 0
16 1 0.306465
16 2 0.551669
16 3 0.71207
16 4 0.791142
16 5 0.802138
16 6 0.750918
16 7 0.635113
16 8 0.455951
16 9 0.233115
16 10 0
17 0 0
17 1 0.316603
17 2 0.562621
17 3 0.717752
17 4 0.792394
17 5 0.802753
17 6 0.754059
17 7 0.641156
17 8 0.463334
17 9 0.237652
17 10 0
18 0 0
18 1 0.339979
18 2 0.583145
18 3 0.721866
18 4 0.784643
18 5 0.794327
18 6 0.754083
18 7 0.653689
18 8 0.479367
18 9 0.251502
18 10 0
19 0 0
19 1 0.405355
19 2 0.628054
19 3 0.713432
19 4 0.752305
19 5 0.760057
19 6 0.737788
19 7 0.675366
19 8 0.547107
19 9 0.283994
19 10 0
20 0 0
20 1 0.666667
20 2 0.666667
20 3 0.666667
20 4 0.666667
20 5 0.666667
20 6 0.666667
20 7 0.666667
20 8 0.666667
20 9 0.666667
20 10 0
