0 0 0
0 1 0
0 2 0
0 3 0
0 4 0
0 5 0
0 6 0
0 7 0
0 8 0
0 9 0
0 10 0
1 0 0
1 1 0.0202316
1 2 0.0366697
1 3 0.0480059
1 4 0.053451
1 5 0.0529739
1 6 0.0473209
1 7 0.0377911
1 8 0.0258811
1 9 0.0129475
1 10 0
2 0 0
2 1 0.0419558
2 2 0.076506
2 3 0.10082
2 4 0.112926
2 5 0.112431
2 6 0.100704
2 7 0.0804706
2 8 0.0550412
2 9 0.0274763
2 10 0
3 0 0
3 1 0.0661274
3 2 0.121436
3 3 0.161263
3 4 0.181915
3 5 0.182188
3 6 0.163853
3 7 0.131166
3 8 0.089671
3 9 0.0446781
3 10 0
4 0 0
4 1 0.0929444
4 2 0.171787
4 3 0.22969
4 4 0.26081
4 5 0.2628
4 6 0.237563
4 7 0.190794
4 8 0.130541
4 9 0.0649664
4 10 0
5 0 0
5 1 0.121796
5 2 0.226169
5 3 0.303791
5 4 0.346576
5 5 0.351097
5 6 0.319198
5 7 0.257589
5 8 0.176688
5 9 0.087932
5 10 0
6 0 0
6 1 0.151399
6 2 0.281782
6 3 0.379092
6 4 0.433405
6 5 0.440808
6 6 0.403089
6 7 0.327278
6 8 0.225454
6 9 0.112354
6 10 0
7 0 0
7 1 0.180131
7 2 0.335196
7 3 0.450346
7 4 0.514645
7 5 0.524675
7 6 0.482383
7 7 0.394349
7 8 0.2732
7 9 0.136503
7 10 0
8 0 0
8 1 0.206459
8 2 0.38335
8 3 0.513196
8 4 0.58507
8 5 0.59703
8 6 0.551467
8 7 0.453926
8 8 0.316466
8 9 0.158663
8 10 0
9 0 0
9 1 0.229297
9 2 0.424293
9 3 0.565261
9 4 0.642184
9 5 0.655255
9 6 0.607508
9 7 0.503178
9 8 0.352976
9 9 0.177621
9 10 0
10 0 0
10 1 0.248166
10 2 0.457402
10 3 0.606226
10 4 0.686112
10 5 0.699609
10 6 0.650451
10 7 0.541561
10 8 0.38198
10 9 0.192882
10 10 0
11 0 0
11 1 0.263153
11 2 0.483147
11 3 0.637241
11 4 0.71863
11 5 0.7321
11 6 0.682024
11 7 0.570176
11 8 0.403961
11 9 0.204584
11 10 0
12 0 0
12 1 0.274742
12 2 0.502659
12 3 0.660161
12 4 0.742147
12 5 0.755337
12 6 0.70464
12 7 0.590892
12 8 0.420085
12 9 0.213251
12 10 0
13 0 0
13 1 0.283644
13 2 0.517343
13 3 0.676974
13 4 0.759019
13 5 0.771806
13 6 0.720664
13 7 0.60569
13 8 0.431727
13 9 0.219557
13 10 0
14 0 0
14 1 0.290699
14 2 0.528661
14 3 0.6895
14 4 0.771227
14 5 0.783543
14 6 0.732086
14 7 0.616339
14 8 0.440199
14 9 0.224185
14 10 0
15 0 0
15 1 0.296928
15 2 0.538123
15 3 0.699278
15 4 0.780229
15 5 0.792003
15 6 0.74043
15 7 0.62434
15 8 0.446743
15 9 0.227814
15 10 0
16 0 0
16 1 0.303903
16 2 0.547556
16 3 0.707512
16 4 0.786686
16 5 0.79784
16 6 0.746715
16 7 0.631163
16 8 0.452776
16 9 0.231366
16 10 0
17 0 0
17 1 0.314933
17 2 0.559955
17 3 0.714807
17 4 0.789521
17 5 0.799991
17 6 0.75137
17 7 0.638634
17 8 0.461305
17 9 0.236533
17 10 0
18 0 0
18 1 0.338983
18 2 0.581561
18 3 0.720112
18 4 0.782923
18 5 0.792675
18 6 0.752488
18 7 0.652207
18 8 0.478177
18 9 0.250844
18 10 0
19 0 0
19 1 0.404892
19 2 0.627321
19 3 0.712611
19 4 0.751489
19 5 0.759272
19 6 0.73704
19 7 0.674685
19 8 0.546565
19 9 0.283692
19 10 0
20 0 0
20 1 0.666667
20 2 0.666667
20 3 0.666667
20 4 0.666667
20 5 0.666667
20 6 0.666667
20 7 0.666667
20 8 0.666667
20 9 0.666667
20 10 0
