0 0 0
0 1 0
0 2 0
0 3 0
0 4 0
0 5 0
0 6 0
0 7 0
0 8 0
0 9 0
0 10 0
1 0 0
1 1 0.0299387
1 2 0.0549075
1 3 0.0729248
1 4 0.0823831
1 5 0.0827151
1 6 0.0746581
1 7 0.0600513
1 8 0.0412908
1 9 0.0206885
1 10 0
2 0 0
2 1 0.0611867
2 2 0.112902
2 3 0.150908
2 4 0.171475
2 5 0.172998
2 6 0.156657
2 7 0.126146
2 8 0.0866327
2 9 0.0432921
2 10 0
3 0 0
3 1 0.0940753
3 2 0.174601
3 3 0.234732
3 4 0.268191
3 5 0.272004
3 6 0.247449
3 7 0.199841
3 8 0.137303
3 9 0.0684981
3 10 0
4 0 0
4 1 0.127834
4 2 0.238146
4 3 0.321168
4 4 0.368141
4 5 0.374996
4 6 0.342949
4 7 0.278303
4 8 0.191714
4 9 0.0956346
4 10 0
5 0 0
5 1 0.160914
5 2 0.300062
5 3 0.404572
5 4 0.4639
5 5 0.473813
5 6 0.43561
5 7 0.355702
5 8 0.246178
5 9 0.123
5 10 0
6 0 0
6 1 0.191543
6 2 0.356609
6 3 0.479276
6 4 0.548341
6 5 0.560634
6 6 0.517868
6 7 0.425746
6 8 0.296423
6 9 0.148537
6 10 0
7 0 0
7 1 0.218289
7 2 0.405027
7 3 0.541592
7 4 0.617281
7 5 0.630972
7 6 0.585087
7 7 0.484131
7 8 0.339204
7 9 0.170583
7 10 0
8 0 0
8 1 0.240392
8 2 0.444149
8 3 0.590498
8 4 0.670086
8 5 0.684297
8 6 0.636376
8 7 0.529504
8 8 0.373146
8 9 0.188324
8 10 0
9 0 0
9 1 0.257804
9 2 0.474275
9 3 0.627084
9 4 0.708635
9 5 0.722783
9 6 0.673548
9 7 0.562898
9 8 0.398584
9 9 0.201791
9 10 0
10 0 0
10 1 0.271005
10 2 0.496639
10 3 0.653531
10 4 0.735872
10 5 0.749663
10 6 0.699561
10 7 0.586545
10 8 0.416862
10 9 0.21157
10 10 0
11 0 0
11 1 0.280753
11 2 0.51285
11 3 0.672256
11 4 0.754764
11 5 0.768095
11 6 0.717399
11 7 0.602895
11 8 0.429638
11 9 0.21846
11 10 0
12 0 0
12 1 0.287887
12 2 0.524513
12 3 0.685444
12 4 0.767814
12 5 0.780683
12 6 0.729558
12 7 0.6141
12 8 0.438462
12 9 0.223247
12 10 0
13 0 0
13 1 0.293215
13 2 0.533061
13 3 0.694881
13 4 0.776955
13 5 0.789381
13 6 0.737934
13 7 0.621851
13 8 0.444604
13 9 0.226596
13 10 0
14 0 0
14 1 0.297516
14 2 0.539747
14 3 0.701977
14 4 0.783589
14 5 0.795577
14 6 0.743897
14 7 0.627425
14 8 0.449073
14 9 0.229052
14 10 0
15 0 0
15 1 0.301681
15 2 0.545791
15 3 0.707828
15 4 0.788628
15 5 0.800135
15 6 0.7484
15 7 0.631833
15 8 0.452759
15 9 0.231122
15 10 0
16 0 0
16 1 0.307131
16 2 0.552733
16 3 0.713245
16 4 0.792286
16 5 0.803239
16 6 0.751994
16 7 0.636127
16 8 0.456768
16 9 0.233565
16 10 0
17 0 0
17 1 0.317036
17 2 0.563311
17 3 0.718512
17 4 0.793133
17 5 0.803463
17 6 0.754751
17 7 0.641805
17 8 0.463857
17 9 0.237941
17 10 0
18 0 0
18 1 0.340237
18 2 0.583556
18 3 0.72232
18 4 0.785086
18 5 0.794753
18 6 0.754494
18 7 0.654072
18 8 0.479674
18 9 0.251672
18 10 0
19 0 0
19 1 0.405475
19 2 0.628244
19 3 0.713644
19 4 0.752515
19 5 0.760259
19 6 0.737981
19 7 0.675543
19 8 0.547248
19 9 0.284072
19 10 0
20 0 0
20 1 0.666667
20 2 0.666667
20 3 0.666667
20 4 0.666667
20 5 0.666667
20 6 0.666667
20 7 0.666667
20 8 0.666667
20 9 0.666667
20 10 0
