0 0 0
0 1 0
0 2 0
0 3 0
0 4 0
0 5 0
0 6 0
0 7 0
0 8 0
0 9 0
0 10 0
1 0 0
1 1 0.0185705
1 2 0.0335823
1 3 0.0438429
1 4 0.0486835
1 5 0.0481363
1 6 0.0429232
1 7 0.0342395
1 8 0.0234349
1 9 0.0117215
1 10 0
2 0 0
2 1 0.038615
2 2 0.0702452
2 3 0.0923053
2 4 0.103098
2 5 0.102393
2 6 0.0915391
2 7 0.0730589
2 8 0.0499442
2 9 0.0249301
2 10 0
3 0 0
3 1 0.0611463
3 2 0.112026
3 3 0.148362
3 4 0.166906
3 5 0.166741
3 6 0.149655
3 7 0.119636
3 8 0.0817364
3 9 0.0407231
3 10 0
4 0 0
4 1 0.0865045
4 2 0.159564
4 3 0.212868
4 4 0.241149
4 5 0.242425
4 6 0.218675
4 7 0.175333
4 8 0.119855
4 9 0.0596388
4 10 0
5 0 0
5 1 0.114266
5 2 0.21189
5 3 0.284196
5 4 0.323698
5 5 0.327283
5 6 0.296899
5 7 0.239117
5 8 0.163804
5 9 0.081486
5 10 0
6 0 0
6 1 0.143309
6 2 0.266552
6 3 0.358423
6 4 0.409464
6 5 0.415864
6 6 0.379486
6 7 0.307417
6 8 0.211405
6 9 0.105273
6 10 0
7 0 0
7 1 0.172076
7 2 0.320237
7 3 0.430418
7 4 0.491897
7 5 0.501045
7 6 0.459796
7 7 0.37499
7 8 0.259256
7 9 0.129399
7 10 0
8 0 0
8 1 0.198974
8 2 0.369702
8 3 0.495449
8 4 0.565202
8 5 0.576524
8 6 0.53169
8 7 0.436648
8 8 0.303767
8 9 0.152108
8 10 0
9 0 0
9 1 0.222757
9 2 0.412614
9 3 0.550479
9 4 0.625998
9 5 0.638693
9 6 0.591419
9 7 0.488865
9 8 0.342243
9 9 0.172005
9 10 0
10 0 0
10 1 0.242749
10 2 0.447932
10 3 0.59456
10 4 0.67362
10 5 0.686952
10 6 0.638092
10 7 0.53039
10 8 0.37345
10 9 0.188363
10 10 0
11 0 0
11 1 0.258864
11 2 0.475797
11 3 0.62841
11 4 0.709372
11 5 0.722811
11 6 0.672924
11 7 0.561846
11 8 0.397503
11 9 0.201125
11 10 0
12 0 0
12 1 0.27147
12 2 0.497151
12 3 0.653686
12 4 0.735484
12 5 0.748715
12 6 0.698142
12 7 0.584886
12 8 0.415374
12 9 0.210706
12 10 0
13 0 0
13 1 0.281225
13 2 0.513329
13 3 0.672342
13 4 0.754328
13 5 0.767184
13 6 0.716127
13 7 0.601467
13 8 0.428384
13 9 0.21774
13 10 0
14 0 0
14 1 0.288957
14 2 0.525805
14 3 0.686253
14 4 0.767983
14 5 0.78037
14 6 0.728972
14 7 0.613428
14 8 0.43788
14 9 0.222918
14 10 0
15 0 0
15 1 0.295705
15 2 0.536136
15 3 0.697047
15 4 0.778022
15 5 0.789858
15 6 0.738328
15 7 0.622369
15 8 0.445165
15 9 0.226949
15 10 0
16 0 0
16 1 0.303068
16 2 0.546211
16 3 0.706014
16 4 0.785216
16 5 0.796419
16 6 0.745325
16 7 0.629858
16 8 0.451728
16 9 0.23079
16 10 0
17 0 0
17 1 0.314388
17 2 0.559081
17 3 0.71384
17 4 0.788574
17 5 0.799078
17 6 0.750481
17 7 0.637801
17 8 0.460636
17 9 0.236164
17 10 0
18 0 0
18 1 0.338657
18 2 0.581041
18 3 0.719536
18 4 0.782356
18 5 0.79213
18 6 0.751962
18 7 0.651718
18 8 0.477785
18 9 0.250627
18 10 0
19 0 0
19 1 0.404741
19 2 0.62708
19 3 0.712341
19 4 0.751221
19 5 0.759014
19 6 0.736794
19 7 0.67446
19 8 0.546387
19 9 0.283593
19 10 0
20 0 0
20 1 0.666667
20 2 0.666667
20 3 0.666667
20 4 0.666667
20 5 0.666667
20 6 0.666667
20 7 0.666667
20 8 0.666667
20 9 0.666667
20 10 0
