0 0 0
0 1 0
0 2 0
0 3 0
0 4 0
0 5 0
0 6 0
0 7 0
0 8 0
0 9 0
0 10 0
1 0 0
1 1 0.00357692
1 2 0.0066078
1 3 0.0088988
1 4 0.0102741
1 5 0.0106224
1 6 0.00992962
1 7 0.00829104
1 8 0.00590258
1 9 0.00303517
1 10 0
2 0 0
2 1 0.00703017
2 2 0.0129913
2 3 0.017499
2 4 0.0202022
2 5 0.0208786
2 6 0.0195017
2 7 0.0162657
2 8 0.0115655
2 9 0.00594063
2 10 0
3 0 0
3 1 0.0102419
3 2 0.0189263
3 3 0.0254868
3 4 0.0294058
3 5 0.030359
3 6 0.0283163
3 7 0.0235773
3 8 0.0167351
3 9 0.00858366
3 10 0
4 0 0
4 1 0.0131194
4 2 0.0242301
4 3 0.0325972
4 4 0.0375573
4 5 0.0387054
4 6 0.0360252
4 7 0.0299282
4 8 0.0211972
4 9 0.0108543
4 10 0
5 0 0
5 1 0.0156198
5 2 0.0288102
5 3 0.0386861
5 4 0.0444696
5 5 0.0457091
5 6 0.0424251
5 7 0.0351474
5 8 0.0248322
5 9 0.0126925
5 10 0
6 0 0
6 1 0.0177734
6 2 0.0327103
6 3 0.0437926
6 4 0.0501689
6 5 0.0513831
6 6 0.0475226
6 7 0.0392406
6 8 0.0276466
6 9 0.0141031
6 10 0
7 0 0
7 1 0.0197086
7 2 0.0361527
7 3 0.0481931
7 4 0.054949
7 5 0.0560107
7 6 0.0515691
7 7 0.0424118
7 8 0.029784
7 9 0.01516
7 10 0
8 0 0
8 1 0.0216798
8 2 0.0395878
8 3 0.0524607
8 4 0.0594303
8 5 0.060193
8 6 0.0550935
8 7 0.04508
8 8 0.0315309
8 9 0.0160065
8 10 0
9 0 0
9 1 0.0241049
9 2 0.0437632
9 3 0.057554
9 4 0.0646542
9 5 0.0649345
9 6 0.0589698
9 7 0.0479264
9 8 0.0333443
9 9 0.0168682
9 10 0
10 0 0
10 1 0.0276157
10 2 0.0498207
10 3 0.0649535
10 4 0.0722411
10 5 0.0718046
10 6 0.0645614
10 7 0.0520084
10 8 0.0359286
10 9 0.0180898
10 10 0
11 0 0
11 1 0.0331116
11 2 0.0594113
11 3 0.0768384
11 4 0.0846166
11 5 0.0831843
11 6 0.0739586
11 7 0.0589572
11 8 0.0403739
11 9 0.0202057
11 10 0
12 0 0
12 1 0.0417913
12 2 0.0747804
12 3 0.0962418
12 4 0.105238
12 5 0.102546
12 6 0.0902705
12 7 0.0712372
12 8 0.048344
12 9 0.024036
12 10 0
13 0 0
13 1 0.0551183
13 2 0.0987188
13 3 0.127021
13 4 0.138629
13 5 0.134575
13 6 0.117817
13 7 0.0923567
13 8 0.062247
13 9 0.030777
13 10 0
14 0 0
14 1 0.0746761
14 2 0.134235
14 3 0.173355
14 4 0.189806
14 5 0.184693
14 6 0.161853
14 7 0.126772
14 8 0.0852325
14 9 0.0420172
14 10 0
15 0 0
15 1 0.101943
15 2 0.18387
15 3 0.238455
15 4 0.262577
15 5 0.25735
15 6 0.227232
15 7 0.179061
15 8 0.120794
15 9 0.0595767
15 10 0
16 0 0
16 1 0.138245
16 2 0.248916
16 3 0.322581
16 4 0.356557
16 5 0.352773
16 6 0.315652
16 7 0.252191
16 8 0.171848
16 9 0.0852259
16 10 0
17 0 0
17 1 0.185651
17 2 0.32948
17 3 0.421341
17 4 0.464044
17 5 0.463255
17 6 0.422622
17 7 0.345433
17 8 0.240531
17 9 0.120458
17 10 0
18 0 0
18 1 0.250995
18 2 0.426898
18 3 0.525495
18 4 0.568471
18 5 0.571273
18 6 0.535668
18 7 0.456784
18 8 0.328557
18 9 0.171072
18 10 0
19 0 0
19 1 0.360686
19 2 0.550708
19 3 0.616636
19 4 0.645791
19 5 0.650365
19 6 0.630816
19 7 0.579084
19 8 0.472693
19 9 0.243561
19 10 0
20 0 0
20 1 0.666667
20 2 0.666667
20 3 0.666667
20 4 0.666667
20 5 0.666667
20 6 0.666667
20 7 0.666667
20 8 0.666667
20 9 0.666667
20 10 0
