0 0 0
0 1 0
0 2 0
0 3 0
0 4 0
0 5 0
0 6 0
0 7 0
0 8 0
0 9 0
0 10 0
1 0 0
1 1 0.00107136
1 2 0.0018716
1 3 0.0023438
1 4 0.00250045
1 5 0.00239134
1 6 0.00208112
1 7 0.00163495
1 8 0.00111039
1 9 0.000553877
1 10 0
2 0 0
2 1 0.00231691
2 2 0.00405066
2 3 0.00507698
2 4 0.00542014
2 5 0.00518594
2 6 0.00451389
2 7 0.00354584
2 8 0.00240764
2 9 0.00120066
2 10 0
3 0 0
3 1 0.00393547
3 2 0.00688961
3 3 0.0086482
3 4 0.00924458
3 5 0.00885274
3 6 0.00770852
3 7 0.00605529
3 8 0.00411047
3 9 0.00204918
3 10 0
4 0 0
4 1 0.00617676
4 2 0.0108354
4 3 0.0136328
4 4 0.0146027
4 5 0.014004
4 6 0.0122034
4 7 0.00958784
4 8 0.00650699
4 9 0.00324276
4 10 0
5 0 0
5 1 0.00936837
5 2 0.0164824
5 3 0.0208078
5 4 0.0223554
5 5 0.0214866
5 6 0.0187481
5 7 0.0147364
5 8 0.00999972
5 9 0.00498149
5 10 0
6 0 0
6 1 0.0139405
6 2 0.0246248
6 3 0.0312309
6 4 0.0336945
6 5 0.0324874
6 6 0.0284013
6 7 0.0223413
6 8 0.0151594
6 9 0.00754863
6 10 0
7 0 0
7 1 0.02044
7 2 0.0362939
7 3 0.046308
7 4 0.0502361
7 5 0.0486408
7 6 0.0426351
7 7 0.0335761
7 8 0.0227829
7 9 0.0113388
7 10 0
8 0 0
8 1 0.029519
8 2 0.0527519
8 3 0.0678075
8 4 0.0740628
8 5 0.0720931
8 6 0.0634075
8 7 0.0500113
8 8 0.033937
8 9 0.0168787
8 10 0
9 0 0
9 1 0.0418766
9 2 0.0753939
9 3 0.0977461
9 4 0.107618
9 5 0.105425
9 6 0.0931168
9 7 0.0735913
9 8 0.0499465
9 9 0.0248205
9 10 0
10 0 0
10 1 0.0581346
10 2 0.105505
10 3 0.138044
10 4 0.15331
10 5 0.15127
10 6 0.134288
10 7 0.106411
10 8 0.0722542
10 9 0.0358743
10 10 0
11 0 0
11 1 0.078649
11 2 0.143851
11 3 0.189885
11 4 0.212696
11 5 0.211459
11 6 0.188828
11 7 0.150166
11 8 0.102076
11 9 0.0506458
11 10 0
12 0 0
12 1 0.103305
12 2 0.190194
12 3 0.252883
12 4 0.285354
12 5 0.285768
12 6 0.256867
12 7 0.205261
12 8 0.139841
12 9 0.0693768
12 10 0
13 0 0
13 1 0.131397
13 2 0.242961
13 3 0.324472
13 4 0.367979
13 5 0.37082
13 6 0.335664
13 7 0.269915
13 8 0.184605
13 9 0.0916742
13 10 0
14 0 0
14 1 0.161728
14 2 0.299384
14 3 0.400065
14 4 0.454554
14 5 0.460163
14 6 0.419498
14 7 0.339942
14 8 0.233854
14 9 0.116412
14 10 0
15 0 0
15 1 0.19303
15 2 0.356285
15 3 0.474241
15 4 0.537916
15 5 0.545985
15 6 0.501183
15 7 0.409793
15 8 0.28411
15 9 0.142001
15 10 0
16 0 0
16 1 0.224792
16 2 0.411381
16 3 0.54239
16 4 0.611788
16 5 0.621486
16 6 0.574448
16 7 0.474674
16 8 0.332359
16 9 0.167155
16 10 0
17 0 0
17 1 0.258862
17 2 0.464992
17 3 0.601716
17 4 0.671386
17 5 0.681711
17 6 0.63568
17 7 0.532554
17 8 0.378598
17 9 0.191975
17 10 0
18 0 0
18 1 0.303568
18 2 0.52245
18 3 0.650503
18 4 0.7107
18 5 0.720776
18 6 0.682469
18 7 0.587918
18 8 0.427592
18 9 0.223313
18 10 0
19 0 0
19 1 0.387917
19 2 0.599304
19 3 0.679597
19 4 0.717116
19 5 0.725127
19 6 0.704116
19 7 0.644805
19 8 0.523081
19 9 0.270747
19 10 0
20 0 0
20 1 0.666667
20 2 0.666667
20 3 0.666667
20 4 0.666667
20 5 0.666667
20 6 0.666667
20 7 0.666667
20 8 0.666667
20 9 0.666667
20 10 0
