0 0 0
0 1 0
0 2 0
0 3 0
0 4 0
0 5 0
0 6 0
0 7 0
0 8 0
0 9 0
0 10 0
1 0 0
1 1 0.000871889
1 2 0.00154168
1 3 0.00196324
1 4 0.00213601
1 5 0.00208619
1 6 0.0018538
1 7 0.0014844
1 8 0.00102404
1 9 0.000516224
1 10 0
2 0 0
2 1 0.00184634
2 2 0.00326243
2 3 0.00415003
2 4 0.0045089
2 5 0.00439648
2 6 0.00389984
2 7 0.00311737
2 8 0.00214737
2 9 0.00108136
2 10 0
3 0 0
3 1 0.00304438
3 2 0.00537424
3 3 0.00682618
3 4 0.0074016
3 5 0.00719973
3 6 0.00636976
3 7 0.00507861
3 8 0.00349053
3 9 0.00175495
3 10 0
4 0 0
4 1 0.00462616
4 2 0.00816
4 3 0.0103499
4 4 0.0111992
4 5 0.010865
4 6 0.00958368
4 7 0.00761781
4 8 0.00522155
4 9 0.00262016
4 10 0
5 0 0
5 1 0.00681474
5 2 0.012018
5 3 0.0152321
5 4 0.0164575
5 5 0.0159305
5 6 0.0140121
5 7 0.0111037
5 8 0.00758935
5 9 0.00380033
5 10 0
6 0 0
6 1 0.00992271
6 2 0.017514
6 3 0.0222095
6 4 0.0239895
6 5 0.0231921
6 6 0.020356
6 7 0.0160886
6 8 0.0109674
6 9 0.00548065
6 10 0
7 0 0
7 1 0.0143786
7 2 0.0254364
7 3 0.0323281
7 4 0.0349681
7 5 0.0338129
7 6 0.0296491
7 7 0.02339
7 8 0.0159097
7 9 0.00793558
7 10 0
8 0 0
8 1 0.0207454
8 2 0.0368423
8 3 0.0470213
8 4 0.051033
8 5 0.0494438
8 6 0.0433728
8 7 0.0341859
8 8 0.0232147
8 9 0.0115603
8 10 0
9 0 0
9 1 0.0297145
9 2 0.0530623
9 3 0.0681418
9 4 0.0743539
9 5 0.0723102
9 6 0.0635503
9 7 0.0500956
9 8 0.0339817
9 9 0.0168975
9 10 0
10 0 0
10 1 0.0420527
10 2 0.0756149
10 3 0.0978674
10 4 0.107552
10 5 0.105166
10 6 0.0927316
10 7 0.0731832
10 8 0.0496165
10 9 0.0246401
10 10 0
11 0 0
11 1 0.0584789
11 2 0.105966
11 3 0.138363
11 4 0.153316
11 5 0.150932
11 6 0.133706
11 7 0.105759
11 8 0.0717106
11 9 0.0355726
11 10 0
12 0 0
12 1 0.0794689
12 2 0.145104
12 3 0.191111
12 4 0.213555
12 5 0.211817
12 6 0.188744
12 7 0.149825
12 8 0.101699
12 9 0.0504118
12 10 0
13 0 0
13 1 0.10504
13 2 0.193009
13 3 0.25599
13 4 0.288143
13 5 0.287928
13 6 0.258334
13 7 0.206125
13 8 0.140267
13 9 0.069534
13 10 0
14 0 0
14 1 0.134636
14 2 0.248286
14 3 0.330535
14 4 0.373817
14 5 0.375954
14 6 0.339889
14 7 0.273112
14 8 0.1867
14 9 0.0926805
14 10 0
15 0 0
15 1 0.16731
15 2 0.30834
15 3 0.410028
15 4 0.464177
15 5 0.46904
15 6 0.427483
15 7 0.346635
15 8 0.238662
15 9 0.118859
15 10 0
16 0 0
16 1 0.202423
16 2 0.370408
16 3 0.488721
16 4 0.551167
16 5 0.558445
16 6 0.513367
16 7 0.421178
16 8 0.292978
16 9 0.146805
16 10 0
17 0 0
17 1 0.241321
17 2 0.433528
17 3 0.561499
17 4 0.626773
17 5 0.635599
17 6 0.590648
17 7 0.492338
17 8 0.348301
17 9 0.17606
17 10 0
18 0 0
18 1 0.291685
18 2 0.501588
18 3 0.624372
18 4 0.682102
18 5 0.691414
18 6 0.653756
18 7 0.561976
18 8 0.407658
18 9 0.21266
18 10 0
19 0 0
19 1 0.381984
19 2 0.589074
19 3 0.666889
19 4 0.703254
19 5 0.710953
19 6 0.690337
19 7 0.632393
19 8 0.513462
19 9 0.265507
19 10 0
20 0 0
20 1 0.666667
20 2 0.666667
20 3 0.666667
20 4 0.666667
20 5 0.666667
20 6 0.666667
20 7 0.666667
20 8 0.666667
20 9 0.666667
20 10 0
