0 0 0
0 1 0
0 2 0
0 3 0
0 4 0
0 5 0
0 6 0
0 7 0
0 8 0
0 9 0
0 10 0
1 0 0
1 1 0.00121092
1 2 0.00211482
1 3 0.00264706
1 4 0.00282186
1 5 0.00269606
1 6 0.00234362
1 7 0.00183898
1 8 0.00124763
1 9 0.000621857
1 10 0
2 0 0
2 1 0.00262048
2 2 0.00458122
2 3 0.00574085
2 4 0.00612628
2 5 0.00585763
2 6 0.00509413
2 7 0.00399784
2 8 0.00271213
2 9 0.00135161
2 10 0
3 0 0
3 1 0.00445387
3 2 0.00779955
3 3 0.0097929
3 4 0.0104688
3 5 0.0100229
3 6 0.00872353
3 7 0.00684843
3 8 0.00464591
3 9 0.00231495
3 10 0
4 0 0
4 1 0.00699063
4 2 0.0122721
4 3 0.0154528
4 4 0.0165625
4 5 0.0158887
4 6 0.0138461
4 7 0.0108759
4 8 0.00737852
4 9 0.00367586
4 10 0
5 0 0
5 1 0.0105921
5 2 0.018658
5 3 0.0235869
5 4 0.0253725
5 5 0.0244081
5 6 0.0213078
5 7 0.0167507
5 8 0.0113654
5 9 0.00566071
5 10 0
6 0 0
6 1 0.0157241
6 2 0.0278225
6 3 0.0353563
6 4 0.0382152
6 5 0.036899
6 6 0.0322882
6 7 0.0254106
6 8 0.0172436
6 9 0.00858561
6 10 0
7 0 0
7 1 0.0229644
7 2 0.0408642
7 3 0.0522717
7 4 0.0568411
7 5 0.0551423
7 6 0.0483981
7 7 0.0381422
7 8 0.0258872
7 9 0.012883
7 10 0
8 0 0
8 1 0.0329786
8 2 0.0590843
8 3 0.0761748
8 4 0.0834394
8 5 0.0814117
8 6 0.071723
8 7 0.0566235
8 8 0.0384365
8 9 0.0191154
8 10 0
9 0 0
9 1 0.046443
9 2 0.0838484
9 3 0.109063
9 4 0.120457
9 5 0.118318
9 6 0.104709
9 7 0.0828487
9 8 0.0562532
9 9 0.0279526
9 10 0
10 0 0
10 1 0.0638997
10 2 0.116293
10 3 0.152658
10 4 0.170084
10 5 0.168295
10 6 0.149731
10 7 0.118815
10 8 0.0807226
10 9 0.0400773
10 10 0
11 0 0
11 1 0.0855583
11 2 0.156887
11 3 0.207695
11 4 0.233329
11 5 0.232615
11 6 0.208215
11 7 0.165865
11 8 0.112841
11 9 0.0559914
11 10 0
12 0 0
12 1 0.111106
12 2 0.204967
12 3 0.273128
12 4 0.308915
12 5 0.310131
12 6 0.279452
12 7 0.223762
12 8 0.152629
12 9 0.0757447
12 10 0
13 0 0
13 1 0.139641
13 2 0.258533
13 3 0.345711
13 4 0.392654
13 5 0.396471
13 6 0.35974
13 7 0.289946
13 8 0.198628
13 9 0.0986997
13 10 0
14 0 0
14 1 0.169836
14 2 0.314558
14 3 0.42049
14 4 0.478069
14 5 0.484641
14 6 0.442768
14 7 0.359673
14 8 0.247911
14 9 0.123526
14 10 0
15 0 0
15 1 0.200418
15 2 0.369895
15 3 0.492189
15 4 0.558262
15 5 0.567109
15 6 0.521503
15 7 0.427391
15 8 0.296918
15 9 0.148569
15 10 0
16 0 0
16 1 0.230988
16 2 0.42257
16 3 0.556778
16 4 0.627787
16 5 0.638002
16 6 0.590491
16 7 0.488862
16 8 0.342923
16 9 0.172655
16 10 0
17 0 0
17 1 0.263579
17 2 0.473326
17 3 0.612167
17 4 0.682789
17 5 0.693393
17 6 0.647096
17 7 0.542827
17 8 0.386414
17 9 0.19611
17 10 0
18 0 0
18 1 0.306695
18 2 0.527861
18 3 0.657158
18 4 0.717869
18 5 0.728069
18 6 0.689591
18 7 0.594384
18 8 0.432598
18 9 0.226002
18 10 0
19 0 0
19 1 0.389458
19 2 0.601926
19 3 0.682802
19 4 0.720562
19 5 0.728619
19 6 0.707501
19 7 0.647861
19 8 0.52546
19 9 0.272047
19 10 0
20 0 0
20 1 0.666667
20 2 0.666667
20 3 0.666667
20 4 0.666667
20 5 0.666667
20 6 0.666667
20 7 0.666667
20 8 0.666667
20 9 0.666667
20 10 0
