0 0 0
0 1 0
0 2 0
0 3 0
0 4 0
0 5 0
0 6 0
0 7 0
0 8 0
0 9 0
0 10 0
1 0 0
1 1 0.00094221
1 2 0.00168267
1 3 0.00217127
1 4 0.00239736
1 5 0.00237656
1 6 0.00214154
1 7 0.00173577
1 8 0.00120895
1 9 0.000613261
1 10 0
2 0 0
2 1 0.00196063
2 2 0.0034974
2 3 0.00450558
2 4 0.00496509
2 5 0.00491168
2 6 0.00441663
2 7 0.00357278
2 8 0.00248433
2 9 0.00125878
2 10 0
3 0 0
3 1 0.00314771
3 2 0.00560482
3 3 0.00720208
3 4 0.00791234
3 5 0.0078011
3 6 0.00699121
3 7 0.00563775
3 8 0.00390996
3 9 0.00197756
3 10 0
4 0 0
4 1 0.00463087
4 2 0.00822834
4 3 0.0105409
4 4 0.0115368
4 5 0.0113268
4 6 0.0101069
4 7 0.00811703
4 8 0.00561005
4 9 0.00283066
4 10 0
5 0 0
5 1 0.00659477
5 2 0.0116954
5 3 0.0149383
5 4 0.0162872
5 5 0.015919
5 6 0.0141366
5 7 0.0113006
5 8 0.00777916
5 9 0.00391409
5 10 0
6 0 0
6 1 0.00930747
6 2 0.0164875
6 3 0.0210158
6 4 0.0228429
6 5 0.0222376
6 6 0.0196577
6 7 0.0156408
6 8 0.010722
6 9 0.00537856
6 10 0
7 0 0
7 1 0.013149
7 2 0.0232976
7 3 0.0296833
7 4 0.0322149
7 5 0.0312771
7 6 0.0275482
7 7 0.0218293
7 8 0.0149061
7 9 0.0074555
7 10 0
8 0 0
8 1 0.0186366
8 2 0.0330867
8 3 0.0422285
8 4 0.04586
8 5 0.0444913
8 6 0.0391049
8 7 0.0308935
8 8 0.0210268
8 9 0.0104891
8 10 0
9 0 0
9 1 0.0264337
9 2 0.0471151
9 3 0.0603819
9 4 0.0657795
9 5 0.0639123
9 6 0.0561619
9 7 0.0442956
9 8 0.0300758
9 9 0.0149693
9 10 0
10 0 0
10 1 0.0373218
10 2 0.0669068
10 3 0.0862951
10 4 0.0945257
10 5 0.0921881
10 6 0.0811475
10 7 0.0639895
10 8 0.0433816
10 9 0.0215517
10 10 0
11 0 0
11 1 0.0521079
11 2 0.0940802
11 3 0.12232
11 4 0.134971
11 5 0.132384
11 6 0.116943
11 7 0.0923341
11 8 0.0625607
11 9 0.0310334
11 10 0
12 0 0
12 1 0.071454
12 2 0.129989
12 3 0.170463
12 4 0.189644
12 5 0.187323
12 6 0.166333
12 7 0.131702
12 8 0.0892782
12 9 0.0442413
12 10 0
13 0 0
13 1 0.0956537
13 2 0.175197
13 3 0.2315
13 4 0.259552
13 5 0.258314
13 6 0.230881
13 7 0.183652
13 8 0.12474
13 9 0.0617977
13 10 0
14 0 0
14 1 0.124463
14 2 0.228976
14 3 0.304022
14 4 0.342816
14 5 0.343586
14 6 0.309457
14 7 0.247801
14 8 0.168991
14 9 0.0838059
14 10 0
15 0 0
15 1 0.157177
15 2 0.289242
15 3 0.384074
15 4 0.43401
15 5 0.437419
15 6 0.397324
15 7 0.321049
15 8 0.220441
15 9 0.109639
15 10 0
16 0 0
16 1 0.193234
16 2 0.353333
16 3 0.465937
16 4 0.525024
16 5 0.531055
16 6 0.486894
16 7 0.398214
16 8 0.276259
16 9 0.138228
16 10 0
17 0 0
17 1 0.233865
17 2 0.419941
17 3 0.543779
17 4 0.606772
17 5 0.614731
17 6 0.570275
17 7 0.474284
17 8 0.334835
17 9 0.169036
17 10 0
18 0 0
18 1 0.286507
18 2 0.492352
18 3 0.612575
18 4 0.668969
18 5 0.677792
18 6 0.640412
18 7 0.549978
18 8 0.398508
18 9 0.207798
18 10 0
19 0 0
19 1 0.37936
19 2 0.584481
19 3 0.66108
19 4 0.696818
19 5 0.704305
19 6 0.683853
19 7 0.626565
19 8 0.508965
19 9 0.263067
19 10 0
20 0 0
20 1 0.666667
20 2 0.666667
20 3 0.666667
20 4 0.666667
20 5 0.666667
20 6 0.666667
20 7 0.666667
20 8 0.666667
20 9 0.666667
20 10 0
