0 0 0
0 1 0
0 2 0
0 3 0
0 4 0
0 5 0
0 6 0
0 7 0
0 8 0
0 9 0
0 10 0
1 0 0
1 1 0.0305359
1 2 0.0560392
1 3 0.0744876
1 4 0.0842184
1 5 0.0846231
1 6 0.0764296
1 7 0.0615052
1 8 0.0423024
1 9 0.021198
1 10 0
2 0 0
2 1 0.0623545
2 2 0.115129
2 3 0.153999
2 4 0.175125
2 5 0.176815
2 6 0.160221
2 7 0.129082
2 8 0.0886758
2 9 0.0443177
2 10 0
3 0 0
3 1 0.0957357
3 2 0.177773
3 3 0.239137
3 4 0.273396
3 5 0.277473
3 6 0.252599
3 7 0.20412
3 8 0.140296
3 9 0.0700008
3 10 0
4 0 0
4 1 0.129846
4 2 0.24197
4 3 0.326432
4 4 0.374324
4 5 0.381501
4 6 0.349132
4 7 0.283512
4 8 0.195399
4 9 0.0974939
4 10 0
5 0 0
5 1 0.16309
5 2 0.304148
5 3 0.410096
5 4 0.470297
5 5 0.480523
5 6 0.442052
5 7 0.361224
5 8 0.250152
5 9 0.125024
5 10 0
6 0 0
6 1 0.193691
6 2 0.360567
6 3 0.484495
6 4 0.554262
6 5 0.566802
6 6 0.523842
6 7 0.430968
6 8 0.300257
6 9 0.150515
6 10 0
7 0 0
7 1 0.220252
7 2 0.408564
7 3 0.546124
7 4 0.6223
7 5 0.63615
7 6 0.590138
7 7 0.488631
7 8 0.342578
7 9 0.172349
7 10 0
8 0 0
8 1 0.242075
8 2 0.447112
8 3 0.594183
8 4 0.674068
8 5 0.68836
8 6 0.640361
8 7 0.533114
8 8 0.375905
8 9 0.189787
8 10 0
9 0 0
9 1 0.259172
9 2 0.476632
9 3 0.629937
9 4 0.711647
9 5 0.725823
9 6 0.67654
9 7 0.565644
9 8 0.400717
9 9 0.202935
9 10 0
10 0 0
10 1 0.272071
10 2 0.498442
10 3 0.655662
10 4 0.738077
10 5 0.751866
10 6 0.701732
10 7 0.588557
10 8 0.418444
10 9 0.212426
10 10 0
11 0 0
11 1 0.281558
11 2 0.514188
11 3 0.673808
11 4 0.756343
11 5 0.769658
11 6 0.718939
11 7 0.604333
11 8 0.430779
11 9 0.219082
11 10 0
12 0 0
12 1 0.288478
12 2 0.525485
12 3 0.686553
12 4 0.768927
12 5 0.781775
12 6 0.730633
12 7 0.615109
12 8 0.439267
12 9 0.223688
12 10 0
13 0 0
13 1 0.29364
13 2 0.533753
13 3 0.695662
13 4 0.777729
13 5 0.790137
13 6 0.738677
13 7 0.62255
13 8 0.445165
13 9 0.226903
13 10 0
14 0 0
14 1 0.297817
14 2 0.540233
14 3 0.70252
14 4 0.784123
14 5 0.796095
14 6 0.744405
14 7 0.627904
14 8 0.449458
14 9 0.229264
14 10 0
15 0 0
15 1 0.301889
15 2 0.546127
15 3 0.7082
15 4 0.788992
15 5 0.800486
15 6 0.748744
15 7 0.632158
15 8 0.45302
15 9 0.231266
15 10 0
16 0 0
16 1 0.307272
16 2 0.552959
16 3 0.713494
16 4 0.792529
16 5 0.803473
16 6 0.752223
16 7 0.636343
16 8 0.456942
16 9 0.233661
16 10 0
17 0 0
17 1 0.317128
17 2 0.563457
17 3 0.718673
17 4 0.79329
17 5 0.803613
17 6 0.754898
17 7 0.641943
17 8 0.463968
17 9 0.238003
17 10 0
18 0 0
18 1 0.340292
18 2 0.583643
18 3 0.722416
18 4 0.785181
18 5 0.794843
18 6 0.754581
18 7 0.654153
18 8 0.47974
18 9 0.251709
18 10 0
19 0 0
19 1 0.4055
19 2 0.628284
19 3 0.71369
19 4 0.75256
19 5 0.760302
19 6 0.738022
19 7 0.67558
19 8 0.547278
19 9 0.284088
19 10 0
20 0 0
20 1 0.666667
20 2 0.666667
20 3 0.666667
20 4 0.666667
20 5 0.666667
20 6 0.666667
20 7 0.666667
20 8 0.666667
20 9 0.666667
20 10 0
