0 0 0
0 1 0
0 2 0
0 3 0
0 4 0
0 5 0
0 6 0
0 7 0
0 8 0
0 9 0
0 10 0
1 0 0
1 1 0.0305563
1 2 0.056078
1 3 0.0745411
1 4 0.0842814
1 5 0.0846886
1 6 0.0764904
1 7 0.0615551
1 8 0.0423371
1 9 0.0212155
1 10 0
2 0 0
2 1 0.0623945
2 2 0.115205
2 3 0.154105
2 4 0.17525
2 5 0.176946
2 6 0.160344
2 7 0.129183
2 8 0.0887459
2 9 0.0443529
2 10 0
3 0 0
3 1 0.0957924
3 2 0.177882
3 3 0.239287
3 4 0.273574
3 5 0.27766
3 6 0.252775
3 7 0.204266
3 8 0.140398
3 9 0.0700523
3 10 0
4 0 0
4 1 0.129914
4 2 0.242101
4 3 0.326611
4 4 0.374535
4 5 0.381723
4 6 0.349343
4 7 0.283689
4 8 0.195525
4 9 0.0975575
4 10 0
5 0 0
5 1 0.163164
5 2 0.304287
5 3 0.410284
5 4 0.470514
5 5 0.480752
5 6 0.442271
5 7 0.361412
5 8 0.250287
5 9 0.125093
5 10 0
6 0 0
6 1 0.193764
6 2 0.360701
6 3 0.484672
6 4 0.554463
6 5 0.567011
6 6 0.524045
6 7 0.431145
6 8 0.300387
6 9 0.150583
6 10 0
7 0 0
7 1 0.220318
7 2 0.408684
7 3 0.546277
7 4 0.62247
7 5 0.636325
7 6 0.590309
7 7 0.488784
7 8 0.342692
7 9 0.172409
7 10 0
8 0 0
8 1 0.242131
8 2 0.447212
8 3 0.594307
8 4 0.674202
8 5 0.688497
8 6 0.640496
8 7 0.533236
8 8 0.375998
8 9 0.189837
8 10 0
9 0 0
9 1 0.259218
9 2 0.476712
9 3 0.630033
9 4 0.711749
9 5 0.725926
9 6 0.676641
9 7 0.565737
9 8 0.400789
9 9 0.202974
9 10 0
10 0 0
10 1 0.272107
10 2 0.498503
10 3 0.655734
10 4 0.738152
10 5 0.75194
10 6 0.701805
10 7 0.588625
10 8 0.418498
10 9 0.212455
10 10 0
11 0 0
11 1 0.281585
11 2 0.514234
11 3 0.673861
11 4 0.756396
11 5 0.769711
11 6 0.718991
11 7 0.604382
11 8 0.430817
11 9 0.219103
11 10 0
12 0 0
12 1 0.288498
12 2 0.525518
12 3 0.68659
12 4 0.768964
12 5 0.781812
12 6 0.73067
12 7 0.615143
12 8 0.439294
12 9 0.223703
12 10 0
13 0 0
13 1 0.293655
13 2 0.533777
13 3 0.695688
13 4 0.777756
13 5 0.790162
13 6 0.738702
13 7 0.622573
13 8 0.445184
13 9 0.226914
13 10 0
14 0 0
14 1 0.297827
14 2 0.540249
14 3 0.702538
14 4 0.784141
14 5 0.796112
14 6 0.744422
14 7 0.62792
14 8 0.449471
14 9 0.229271
14 10 0
15 0 0
15 1 0.301896
15 2 0.546138
15 3 0.708213
15 4 0.789004
15 5 0.800498
15 6 0.748755
15 7 0.632169
15 8 0.453029
15 9 0.231271
15 10 0
16 0 0
16 1 0.307277
16 2 0.552967
16 3 0.713503
16 4 0.792537
16 5 0.803481
16 6 0.752231
16 7 0.63635
16 8 0.456948
16 9 0.233664
16 10 0
17 0 0
17 1 0.317131
17 2 0.563462
17 3 0.718679
17 4 0.793295
17 5 0.803619
17 6 0.754903
17 7 0.641948
17 8 0.463972
17 9 0.238005
17 10 0
18 0 0
18 1 0.340294
18 2 0.583646
18 3 0.72242
18 4 0.785184
18 5 0.794846
18 6 0.754584
18 7 0.654156
18 8 0.479742
18 9 0.25171
18 10 0
19 0 0
19 1 0.405501
19 2 0.628286
19 3 0.713691
19 4 0.752562
19 5 0.760304
19 6 0.738024
19 7 0.675582
19 8 0.547279
19 9 0.284089
19 10 0
20 0 0
20 1 0.666667
20 2 0.666667
20 3 0.666667
20 4 0.666667
20 5 0.666667
20 6 0.666667
20 7 0.666667
20 8 0.666667
20 9 0.666667
20 10 0
