0 0 0
0 1 0
0 2 0
0 3 0
0 4 0
0 5 0
0 6 0
0 7 0
0 8 0
0 9 0
0 10 0
1 0 0
1 1 0.0102435
1 2 0.0182844
1 3 0.0235
1 4 0.0257028
1 5 0.0250934
1 6 0.0221685
1 7 0.0175814
1 8 0.0119995
1 9 0.00599676
1 10 0
2 0 0
2 1 0.0216181
2 2 0.0387671
2 3 0.0500839
2 4 0.0550315
2 5 0.0539092
2 6 0.0477147
2 7 0.0378562
2 8 0.0258182
2 9 0.0128871
2 10 0
3 0 0
3 1 0.0351372
3 2 0.0634136
3 3 0.0825168
3 4 0.0912616
3 5 0.0898466
3 6 0.0797613
3 7 0.0633439
3 8 0.0431744
3 9 0.0215214
3 10 0
4 0 0
4 1 0.0516059
4 2 0.0938215
4 3 0.123101
4 4 0.137194
4 5 0.135894
4 6 0.121125
4 7 0.0963582
4 8 0.0656579
4 9 0.0326844
4 10 0
5 0 0
5 1 0.0714876
5 2 0.130942
5 3 0.173251
5 4 0.194619
5 5 0.194074
5 6 0.173831
5 7 0.138649
5 8 0.0945059
5 9 0.0469901
5 10 0
6 0 0
6 1 0.094746
6 2 0.174711
6 3 0.232862
6 4 0.263459
6 5 0.264479
6 6 0.238226
6 7 0.190725
6 8 0.130175
6 9 0.0646832
6 10 0
7 0 0
7 1 0.120739
7 2 0.223773
7 3 0.299814
7 4 0.341045
7 5 0.344403
7 6 0.312106
7 7 0.251128
7 8 0.171868
7 9 0.0854203
7 10 0
8 0 0
8 1 0.148254
8 2 0.275551
8 3 0.370083
8 4 0.422236
8 5 0.428369
8 6 0.39059
8 7 0.316226
8 8 0.217344
8 9 0.108172
8 10 0
9 0 0
9 1 0.175734
9 2 0.326776
9 3 0.438678
9 4 0.500724
9 5 0.509546
9 6 0.467304
9 7 0.380965
9 8 0.263306
9 9 0.131379
9 10 0
10 0 0
10 1 0.201623
10 2 0.374313
10 3 0.501063
10 4 0.570986
10 5 0.581944
10 6 0.536414
10 7 0.440402
10 8 0.306319
10 9 0.153358
10 10 0
11 0 0
11 1 0.224718
11 2 0.415911
11 3 0.554307
11 4 0.629754
11 5 0.64208
11 6 0.594307
11 7 0.491142
11 8 0.343791
11 9 0.172764
11 10 0
12 0 0
12 1 0.244374
12 2 0.450554
12 3 0.597439
12 4 0.676292
12 5 0.689261
12 6 0.640018
12 7 0.531908
12 8 0.374491
12 9 0.188877
12 10 0
13 0 0
13 1 0.260542
13 2 0.478388
13 3 0.631094
13 4 0.711731
13 5 0.72479
13 6 0.674588
13 7 0.563205
13 8 0.398479
13 9 0.201625
13 10 0
14 0 0
14 1 0.273694
14 2 0.500412
14 3 0.656843
14 4 0.738104
14 5 0.750886
14 6 0.700055
14 7 0.586583
14 8 0.416691
14 9 0.211417
14 10 0
15 0 0
15 1 0.284788
15 2 0.518206
15 3 0.676604
15 4 0.757532
15 5 0.76979
15 6 0.718649
15 7 0.604002
15 8 0.430562
15 9 0.21898
15 10 0
16 0 0
16 1 0.295522
16 2 0.533945
16 3 0.692197
16 4 0.771507
16 5 0.783075
16 6 0.732259
16 7 0.617627
16 8 0.441955
16 9 0.225434
16 10 0
17 0 0
17 1 0.309417
17 2 0.551067
17 3 0.704878
17 4 0.779731
17 5 0.790512
17 6 0.742124
17 7 0.629983
17 8 0.454371
17 9 0.23272
17 10 0
18 0 0
18 1 0.33567
18 2 0.576257
18 3 0.714189
18 4 0.777068
18 5 0.787021
18 6 0.747019
18 7 0.647129
18 8 0.474109
18 9 0.248598
18 10 0
19 0 0
19 1 0.40335
19 2 0.624862
19 3 0.709839
19 4 0.74872
19 5 0.756595
19 6 0.734483
19 7 0.672353
19 8 0.544714
19 9 0.282662
19 10 0
20 0 0
20 1 0.666667
20 2 0.666667
20 3 0.666667
20 4 0.666667
20 5 0.666667
20 6 0.666667
20 7 0.666667
20 8 0.666667
20 9 0.666667
20 10 0
