0 0 0
0 1 0
0 2 0
0 3 0
0 4 0
0 5 0
0 6 0
0 7 0
0 8 0
0 9 0
0 10 0
1 0 0
1 1 0.0109973
1 2 0.0196558
1 3 0.0253024
1 4 0.0277159
1 5 0.0270925
1 6 0.0239561
1 7 0.0190095
1 8 0.0129776
1 9 0.00648604
1 10 0
2 0 0
2 1 0.0231751
2 2 0.041621
2 3 0.0538657
2 4 0.0592862
2 5 0.0581571
2 6 0.0515243
2 7 0.0409013
2 8 0.0279006
2 9 0.0139264
2 10 0
3 0 0
3 1 0.0375698
3 2 0.0679156
3 3 0.0885452
3 4 0.0981087
3 5 0.0967342
3 6 0.085968
3 7 0.0683136
3 8 0.0465697
3 9 0.0232119
3 10 0
4 0 0
4 1 0.0549687
4 2 0.100106
4 3 0.131606
4 4 0.14695
4 5 0.145794
4 6 0.130104
4 7 0.103573
4 8 0.0705884
4 9 0.0351346
4 10 0
5 0 0
5 1 0.0757682
5 2 0.139006
5 3 0.184255
5 4 0.20735
5 5 0.207105
5 6 0.185747
5 7 0.148281
5 8 0.101104
5 9 0.0502668
5 10 0
6 0 0
6 1 0.0998231
6 2 0.184317
6 3 0.246018
6 4 0.278752
6 5 0.280249
6 6 0.252786
6 7 0.202602
6 8 0.138359
6 9 0.0687526
6 10 0
7 0 0
7 1 0.126366
7 2 0.234409
7 3 0.314337
7 4 0.357913
7 5 0.361881
7 6 0.328415
7 7 0.264603
7 8 0.181246
7 9 0.090104
7 10 0
8 0 0
8 1 0.154088
8 2 0.286497
8 3 0.38487
8 4 0.439282
8 5 0.446056
8 6 0.407275
8 7 0.330236
8 8 0.227237
8 9 0.113152
8 10 0
9 0 0
9 1 0.181398
9 2 0.337264
9 3 0.452595
9 4 0.516546
9 5 0.525923
9 6 0.482917
9 7 0.394319
9 8 0.27291
9 9 0.136267
9 10 0
10 0 0
10 1 0.20679
10 2 0.383713
10 3 0.513248
10 4 0.584583
10 5 0.595937
10 6 0.549878
10 7 0.452141
10 8 0.314933
10 9 0.1578
10 10 0
11 0 0
11 1 0.229168
11 2 0.423844
11 3 0.564324
11 4 0.640697
11 5 0.653252
11 6 0.605136
11 7 0.500758
11 8 0.35099
11 9 0.176526
11 10 0
12 0 0
12 1 0.248016
12 2 0.456911
12 3 0.605257
12 4 0.684648
12 5 0.697713
12 6 0.648256
12 7 0.53934
12 8 0.380158
12 9 0.191877
12 10 0
13 0 0
13 1 0.263391
13 2 0.483264
13 3 0.636944
13 4 0.717856
13 5 0.730927
13 6 0.680591
13 7 0.568692
13 8 0.402728
13 9 0.203899
13 10 0
14 0 0
14 1 0.275837
14 2 0.504016
14 3 0.661074
14 4 0.742452
14 5 0.755203
14 6 0.704287
14 7 0.59049
14 8 0.419754
14 9 0.213071
14 10 0
15 0 0
15 1 0.286343
15 2 0.520782
15 3 0.679573
15 4 0.760536
15 5 0.772747
15 6 0.72155
15 7 0.6067
15 8 0.432697
15 9 0.22014
15 10 0
16 0 0
16 1 0.296607
16 2 0.535722
16 3 0.694216
16 4 0.773525
16 5 0.785049
16 6 0.734193
16 7 0.619433
16 8 0.443394
16 9 0.22622
16 10 0
17 0 0
17 1 0.310137
17 2 0.552234
17 3 0.706192
17 4 0.781035
17 5 0.79178
17 6 0.743363
17 7 0.63114
17 8 0.455297
17 9 0.233228
17 10 0
18 0 0
18 1 0.336105
18 2 0.576956
18 3 0.714974
18 4 0.777849
18 5 0.787778
18 6 0.747752
18 7 0.647809
18 8 0.474653
18 9 0.248898
18 10 0
19 0 0
19 1 0.403553
19 2 0.625187
19 3 0.710207
19 4 0.749089
19 5 0.756953
19 6 0.734825
19 7 0.672665
19 8 0.544962
19 9 0.2828
19 10 0
20 0 0
20 1 0.666667
20 2 0.666667
20 3 0.666667
20 4 0.666667
20 5 0.666667
20 6 0.666667
20 7 0.666667
20 8 0.666667
20 9 0.666667
20 10 0
