0 0 0
0 1 0
0 2 0
0 3 0
0 4 0
0 5 0
0 6 0
0 7 0
0 8 0
0 9 0
0 10 0
1 0 0
1 1 0.0287983
1 2 0.0527494
1 3 0.0699494
1 4 0.0788953
1 5 0.0790961
1 6 0.071304
1 7 0.0573024
1 8 0.03938
1 9 0.0197267
1 10 0
2 0 0
2 1 0.0589519
2 2 0.108646
2 3 0.145006
2 4 0.164518
2 5 0.165736
2 6 0.149888
2 7 0.120579
2 8 0.0827633
2 9 0.0413508
2 10 0
3 0 0
3 1 0.090887
3 2 0.168513
3 3 0.226284
3 4 0.258213
3 5 0.261535
3 6 0.237612
3 7 0.191684
3 8 0.131606
3 9 0.0656402
3 10 0
4 0 0
4 1 0.123953
4 2 0.230765
4 3 0.311003
4 4 0.356201
4 5 0.362445
4 6 0.331041
4 7 0.268298
4 8 0.184652
4 9 0.0920753
4 10 0
5 0 0
5 1 0.156693
5 2 0.292127
5 3 0.393825
5 4 0.451441
5 5 0.460748
5 6 0.423092
5 7 0.345
5 8 0.2385
5 9 0.119095
5 10 0
6 0 0
6 1 0.187353
6 2 0.348871
6 3 0.469046
6 4 0.536713
6 5 0.548518
6 6 0.506153
6 7 0.415536
6 8 0.288948
6 9 0.144688
6 10 0
7 0 0
7 1 0.214438
7 2 0.398068
7 3 0.53265
7 4 0.607353
7 5 0.620723
7 6 0.575102
7 7 0.475262
7 8 0.332573
7 9 0.167121
7 10 0
8 0 0
8 1 0.237075
8 2 0.438291
8 3 0.583187
8 4 0.662165
8 5 0.676207
8 6 0.628451
8 7 0.522344
8 8 0.367688
8 9 0.185436
8 10 0
9 0 0
9 1 0.255095
9 2 0.469594
9 3 0.621401
9 4 0.702619
9 5 0.716705
9 6 0.667573
9 7 0.557424
9 8 0.394343
9 9 0.199521
9 10 0
10 0 0
10 1 0.268885
10 2 0.493046
10 3 0.649274
10 4 0.731457
10 5 0.745247
10 6 0.695213
10 7 0.58252
10 8 0.413703
10 9 0.209863
10 10 0
11 0 0
11 1 0.27915
11 2 0.510176
11 3 0.669151
11 4 0.751598
11 5 0.76496
11 6 0.71431
11 7 0.600015
11 8 0.427356
11 9 0.217219
11 10 0
12 0 0
12 1 0.286707
12 2 0.52257
12 3 0.683222
12 4 0.765582
12 5 0.77849
12 6 0.727398
12 7 0.612077
12 8 0.436848
12 9 0.222365
12 10 0
13 0 0
13 1 0.292364
13 2 0.531674
13 3 0.693317
13 4 0.7754
13 5 0.787864
13 6 0.736442
13 7 0.620449
13 8 0.443481
13 9 0.22598
13 10 0
14 0 0
14 1 0.296914
14 2 0.538774
14 3 0.70089
14 4 0.782519
14 5 0.794538
14 6 0.742877
14 7 0.626465
14 8 0.448301
14 9 0.228627
14 10 0
15 0 0
15 1 0.301263
15 2 0.54512
15 3 0.707084
15 4 0.7879
15 5 0.799432
15 6 0.74771
15 7 0.631184
15 8 0.452236
15 9 0.230834
15 10 0
16 0 0
16 1 0.306847
16 2 0.55228
16 3 0.712745
16 4 0.791799
16 5 0.802771
16 6 0.751536
16 7 0.635696
16 8 0.456421
16 9 0.233374
16 10 0
17 0 0
17 1 0.316851
17 2 0.563017
17 3 0.718188
17 4 0.792818
17 5 0.80316
17 6 0.754457
17 7 0.641529
17 8 0.463634
17 9 0.237818
17 10 0
18 0 0
18 1 0.340127
18 2 0.583381
18 3 0.722127
18 4 0.784897
18 5 0.794571
18 6 0.754319
18 7 0.653909
18 8 0.479543
18 9 0.2516
18 10 0
19 0 0
19 1 0.405424
19 2 0.628163
19 3 0.713554
19 4 0.752425
19 5 0.760173
19 6 0.737899
19 7 0.675468
19 8 0.547188
19 9 0.284038
19 10 0
20 0 0
20 1 0.666667
20 2 0.666667
20 3 0.666667
20 4 0.666667
20 5 0.666667
20 6 0.666667
20 7 0.666667
20 8 0.666667
20 9 0.666667
20 10 0
