0 0 0
0 1 0
0 2 0
0 3 0
0 4 0
0 5 0
0 6 0
0 7 0
0 8 0
0 9 0
0 10 0
1 0 0
1 1 0.00816959
1 2 0.0145271
1 3 0.0185858
1 4 0.0202394
1 5 0.0196887
1 6 0.0173488
1 7 0.0137373
1 8 0.00936881
1 9 0.00468096
1 10 0
2 0 0
2 1 0.0173139
2 2 0.0309136
2 3 0.0397323
2 4 0.0434441
2 5 0.0423885
2 6 0.0374131
2 7 0.0296361
2 8 0.0202003
2 9 0.0100831
2 10 0
3 0 0
3 1 0.0283543
3 2 0.0509213
3 3 0.0658805
3 4 0.0724657
3 5 0.0710244
3 6 0.0628562
3 7 0.0498346
3 8 0.0339508
3 9 0.016928
3 10 0
4 0 0
4 1 0.0421095
4 2 0.0761555
4 3 0.0993153
4 4 0.110044
4 5 0.108474
4 6 0.0963476
4 7 0.0764998
4 8 0.0521006
4 9 0.0259462
4 10 0
5 0 0
5 1 0.0591944
5 2 0.107866
5 3 0.14188
5 4 0.158471
5 5 0.157237
5 6 0.14029
5 7 0.111633
5 8 0.0760322
5 9 0.037819
5 10 0
6 0 0
6 1 0.0798636
6 2 0.146604
6 3 0.194421
6 4 0.218869
6 5 0.218663
6 6 0.196131
6 7 0.156551
6 8 0.106705
6 9 0.0530264
6 10 0
7 0 0
7 1 0.103853
7 2 0.191836
7 3 0.256131
7 4 0.290282
7 5 0.291919
7 6 0.263385
7 7 0.21113
7 8 0.144172
7 9 0.0716224
7 10 0
8 0 0
8 1 0.130303
8 2 0.241749
8 3 0.324184
8 4 0.369134
8 5 0.373301
8 6 0.338908
8 7 0.273165
8 8 0.18715
8 9 0.0930335
8 10 0
9 0 0
9 1 0.15785
9 2 0.293457
9 3 0.394098
9 4 0.449713
9 5 0.456685
9 6 0.417153
9 7 0.338438
9 8 0.232983
9 9 0.116028
9 10 0
10 0 0
10 1 0.184898
10 2 0.343643
10 3 0.460883
10 4 0.525767
10 5 0.535285
10 6 0.491708
10 7 0.401761
10 8 0.278225
10 9 0.13896
10 10 0
11 0 0
11 1 0.209979
11 2 0.389401
11 3 0.520437
11 4 0.592402
11 5 0.60381
11 6 0.557332
11 7 0.458575
11 8 0.319627
11 9 0.160211
11 10 0
12 0 0
12 1 0.23207
12 2 0.428878
12 3 0.57047
12 4 0.64719
12 5 0.659703
12 6 0.611276
12 7 0.506155
12 8 0.355011
12 9 0.178623
12 10 0
13 0 0
13 1 0.250753
13 2 0.461491
13 3 0.610602
13 4 0.690084
13 5 0.703011
13 6 0.653314
13 7 0.543865
13 8 0.383602
13 9 0.1937
13 10 0
14 0 0
14 1 0.266229
14 2 0.487767
14 3 0.641861
14 4 0.722582
14 5 0.735413
14 6 0.684899
14 7 0.572647
14 8 0.405822
14 9 0.205569
14 10 0
15 0 0
15 1 0.279316
15 2 0.509085
15 3 0.66601
15 4 0.746738
15 5 0.759122
15 6 0.708187
15 7 0.5943
15 8 0.422915
15 9 0.214832
15 10 0
16 0 0
16 1 0.291671
16 2 0.527612
16 3 0.684957
16 4 0.764227
16 5 0.775934
16 6 0.725259
16 7 0.611101
16 8 0.43677
16 9 0.222605
16 10 0
17 0 0
17 1 0.306848
17 2 0.546888
17 3 0.700152
17 4 0.775016
17 5 0.785914
17 6 0.737631
17 7 0.625789
17 8 0.451023
17 9 0.230884
17 10 0
18 0 0
18 1 0.334115
18 2 0.573748
18 3 0.711359
18 4 0.774246
18 5 0.784278
18 6 0.74436
18 7 0.644662
18 8 0.472137
18 9 0.247512
18 10 0
19 0 0
19 1 0.402623
19 2 0.623695
19 3 0.708513
19 4 0.747384
19 5 0.755298
19 6 0.73324
19 7 0.67122
19 8 0.543816
19 9 0.282163
19 10 0
20 0 0
20 1 0.666667
20 2 0.666667
20 3 0.666667
20 4 0.666667
20 5 0.666667
20 6 0.666667
20 7 0.666667
20 8 0.666667
20 9 0.666667
20 10 0
