0 0 0
0 1 0
0 2 0
0 3 0
0 4 0
0 5 0
0 6 0
0 7 0
0 8 0
0 9 0
0 10 0
1 0 0
1 1 0.0304936
1 2 0.0559591
1 3 0.0743768
1 4 0.0840883
1 5 0.0844877
1 6 0.0763039
1 7 0.0614019
1 8 0.0422305
1 9 0.0211618
1 10 0
2 0 0
2 1 0.0622719
2 2 0.114971
2 3 0.15378
2 4 0.174867
2 5 0.176545
2 6 0.159969
2 7 0.128874
2 8 0.0885308
2 9 0.0442449
2 10 0
3 0 0
3 1 0.0956184
3 2 0.177549
3 3 0.238825
3 4 0.273028
3 5 0.277086
3 6 0.252234
3 7 0.203817
3 8 0.140084
3 9 0.0698943
3 10 0
4 0 0
4 1 0.129704
4 2 0.2417
4 3 0.32606
4 4 0.373888
4 5 0.381042
4 6 0.348696
4 7 0.283143
4 8 0.195138
4 9 0.0973624
4 10 0
5 0 0
5 1 0.162936
5 2 0.30386
5 3 0.409708
5 4 0.469847
5 5 0.480051
5 6 0.441599
5 7 0.360835
5 8 0.249871
5 9 0.124881
5 10 0
6 0 0
6 1 0.19354
6 2 0.360288
6 3 0.484129
6 4 0.553847
6 5 0.566369
6 6 0.523423
6 7 0.430601
6 8 0.299987
6 9 0.150376
6 10 0
7 0 0
7 1 0.220114
7 2 0.408316
7 3 0.545806
7 4 0.621949
7 5 0.635788
7 6 0.589785
7 7 0.488316
7 8 0.342341
7 9 0.172225
7 10 0
8 0 0
8 1 0.241957
8 2 0.446904
8 3 0.593925
8 4 0.673789
8 5 0.688076
8 6 0.640083
8 7 0.532861
8 8 0.375712
8 9 0.189685
8 10 0
9 0 0
9 1 0.259076
9 2 0.476467
9 3 0.629738
9 4 0.711437
9 5 0.725611
9 6 0.676331
9 7 0.565452
9 8 0.400568
9 9 0.202855
9 10 0
10 0 0
10 1 0.271996
10 2 0.498316
10 3 0.655514
10 4 0.737924
10 5 0.751712
10 6 0.70158
10 7 0.588417
10 8 0.418334
10 9 0.212366
10 10 0
11 0 0
11 1 0.281501
11 2 0.514095
11 3 0.6737
11 4 0.756232
11 5 0.769549
11 6 0.718832
11 7 0.604233
11 8 0.430699
11 9 0.219038
11 10 0
12 0 0
12 1 0.288437
12 2 0.525417
12 3 0.686475
12 4 0.768849
12 5 0.781699
12 6 0.730558
12 7 0.615039
12 8 0.439211
12 9 0.223657
12 10 0
13 0 0
13 1 0.293611
13 2 0.533705
13 3 0.695608
13 4 0.777675
13 5 0.790084
13 6 0.738625
13 7 0.622501
13 8 0.445126
13 9 0.226882
13 10 0
14 0 0
14 1 0.297796
14 2 0.540199
14 3 0.702482
14 4 0.784086
14 5 0.796059
14 6 0.74437
14 7 0.627871
14 8 0.449431
14 9 0.229249
14 10 0
15 0 0
15 1 0.301875
15 2 0.546103
15 3 0.708174
15 4 0.788966
15 5 0.800462
15 6 0.74872
15 7 0.632135
15 8 0.453002
15 9 0.231256
15 10 0
16 0 0
16 1 0.307262
16 2 0.552943
16 3 0.713477
16 4 0.792512
16 5 0.803457
16 6 0.752207
16 7 0.636328
16 8 0.45693
16 9 0.233654
16 10 0
17 0 0
17 1 0.317122
17 2 0.563447
17 3 0.718662
17 4 0.793279
17 5 0.803603
17 6 0.754888
17 7 0.641933
17 8 0.46396
17 9 0.237998
17 10 0
18 0 0
18 1 0.340288
18 2 0.583637
18 3 0.72241
18 4 0.785174
18 5 0.794837
18 6 0.754575
18 7 0.654148
18 8 0.479735
18 9 0.251706
18 10 0
19 0 0
19 1 0.405499
19 2 0.628282
19 3 0.713687
19 4 0.752557
19 5 0.760299
19 6 0.738019
19 7 0.675578
19 8 0.547275
19 9 0.284087
19 10 0
20 0 0
20 1 0.666667
20 2 0.666667
20 3 0.666667
20 4 0.666667
20 5 0.666667
20 6 0.666667
20 7 0.666667
20 8 0.666667
20 9 0.666667
20 10 0
