0 0 0
0 1 0
0 2 0
0 3 0
0 4 0
0 5 0
0 6 0
0 7 0
0 8 0
0 9 0
0 10 0
1 0 0
1 1 0.0168509
1 2 0.0303978
1 3 0.0395678
1 4 0.0438093
1 5 0.0432099
1 6 0.038459
1 7 0.0306422
1 8 0.0209603
1 9 0.0104817
1 10 0
2 0 0
2 1 0.0351398
2 2 0.0637557
2 3 0.0835167
2 4 0.0929971
2 5 0.0921191
2 6 0.0821911
2 7 0.0655173
2 8 0.0447649
2 9 0.0223438
2 10 0
3 0 0
3 1 0.0559214
3 2 0.102185
3 3 0.134915
3 4 0.151321
3 5 0.150763
3 6 0.135025
3 7 0.10779
3 8 0.073599
3 9 0.0366693
3 10 0
4 0 0
4 1 0.0796703
4 2 0.146616
4 3 0.195078
4 4 0.220404
4 5 0.220998
4 6 0.19889
4 7 0.159202
4 8 0.108737
4 9 0.0541021
4 10 0
5 0 0
5 1 0.106159
5 2 0.196513
5 3 0.263083
5 4 0.299053
5 5 0.301687
5 6 0.273034
5 7 0.219448
5 8 0.150141
5 9 0.0746643
5 10 0
6 0 0
6 1 0.134455
6 2 0.249846
6 3 0.335676
6 4 0.38306
6 5 0.388381
6 6 0.35359
6 7 0.285757
6 8 0.196168
6 9 0.0976177
6 10 0
7 0 0
7 1 0.163108
7 2 0.30351
7 3 0.408007
7 4 0.466203
7 5 0.474345
7 6 0.434374
7 7 0.353347
7 8 0.243771
7 9 0.121542
7 10 0
8 0 0
8 1 0.190498
8 2 0.354158
8 3 0.475084
8 4 0.542269
8 5 0.552816
8 6 0.508902
8 7 0.416874
8 8 0.289337
8 9 0.144695
8 10 0
9 0 0
9 1 0.215234
9 2 0.399092
9 3 0.53322
9 4 0.606971
9 5 0.619178
9 6 0.572514
9 7 0.472152
9 8 0.329796
9 9 0.165524
9 10 0
10 0 0
10 1 0.23643
10 2 0.436813
10 3 0.580746
10 4 0.658729
10 5 0.671821
10 6 0.623347
10 7 0.517136
10 8 0.363391
10 9 0.183055
10 10 0
11 0 0
11 1 0.253801
11 2 0.46707
11 3 0.617843
11 4 0.698223
11 5 0.711593
11 6 0.66195
11 7 0.551844
11 8 0.389788
11 9 0.197008
11 10 0
12 0 0
12 1 0.267573
12 2 0.490553
12 3 0.645879
12 4 0.727407
12 5 0.740665
12 6 0.690249
12 7 0.577615
12 8 0.409692
12 9 0.207645
12 10 0
13 0 0
13 1 0.278322
13 2 0.508491
13 3 0.666728
13 4 0.748616
13 5 0.761542
13 6 0.71059
13 7 0.596326
13 8 0.424327
13 9 0.215538
13 10 0
14 0 0
14 1 0.286855
14 2 0.522347
14 3 0.682305
14 4 0.764022
14 5 0.776487
14 6 0.725162
14 7 0.609871
14 8 0.435052
14 9 0.221375
14 10 0
15 0 0
15 1 0.294222
15 2 0.533723
15 3 0.694327
15 4 0.775324
15 5 0.787231
15 6 0.735752
15 7 0.619956
15 8 0.443238
15 9 0.225893
15 10 0
16 0 0
16 1 0.302053
16 2 0.544574
16 3 0.704187
16 4 0.783417
16 5 0.794677
16 6 0.743621
16 7 0.628259
16 8 0.450446
16 9 0.230086
16 10 0
17 0 0
17 1 0.313724
17 2 0.558017
17 3 0.712658
17 4 0.787415
17 5 0.797961
17 6 0.749392
17 7 0.636781
17 8 0.459817
17 9 0.235713
17 10 0
18 0 0
18 1 0.33826
18 2 0.580408
18 3 0.718832
18 4 0.781664
18 5 0.791463
18 6 0.751318
18 7 0.65112
18 8 0.477305
18 9 0.250362
18 10 0
19 0 0
19 1 0.404557
19 2 0.626787
19 3 0.712012
19 4 0.750893
19 5 0.758698
19 6 0.736492
19 7 0.674185
19 8 0.546168
19 9 0.283471
19 10 0
20 0 0
20 1 0.666667
20 2 0.666667
20 3 0.666667
20 4 0.666667
20 5 0.666667
20 6 0.666667
20 7 0.666667
20 8 0.666667
20 9 0.666667
20 10 0
