0 0 0
0 1 0
0 2 0
0 3 0
0 4 0
0 5 0
0 6 0
0 7 0
0 8 0
0 9 0
0 10 0
1 0 0
1 1 0.0291881
1 2 0.0534865
1 3 0.070965
1 4 0.0800848
1 5 0.0803293
1 6 0.0724461
1 7 0.0582379
1 8 0.0400299
1 9 0.0200538
1 10 0
2 0 0
2 1 0.0597164
2 2 0.110101
2 3 0.147023
2 4 0.166894
2 5 0.168214
2 6 0.152196
2 7 0.122476
2 8 0.084081
2 9 0.0420117
2 10 0
3 0 0
3 1 0.0919793
3 2 0.170598
3 3 0.229177
3 4 0.261629
3 5 0.265116
3 6 0.240974
3 7 0.19447
3 8 0.13355
3 9 0.0666152
3 10 0
4 0 0
4 1 0.125286
4 2 0.233299
4 3 0.314494
4 4 0.360302
4 5 0.366753
4 6 0.335125
4 7 0.271726
4 8 0.187069
4 9 0.093293
4 10 0
5 0 0
5 1 0.158145
5 2 0.294859
5 3 0.397527
5 4 0.455735
5 5 0.465251
5 6 0.427403
5 7 0.348681
5 8 0.241138
5 9 0.120436
5 10 0
6 0 0
6 1 0.188798
6 2 0.351543
6 3 0.472582
6 4 0.540736
6 5 0.55271
6 6 0.510203
6 7 0.419062
6 8 0.291526
6 9 0.146014
6 10 0
7 0 0
7 1 0.21577
7 2 0.400477
7 3 0.53575
7 4 0.610798
7 5 0.624281
7 6 0.578566
7 7 0.478335
7 8 0.334867
7 9 0.168318
7 10 0
8 0 0
8 1 0.238225
8 2 0.440324
8 3 0.585728
8 4 0.664921
8 5 0.679022
8 6 0.631208
8 7 0.524832
8 8 0.369582
8 9 0.186437
8 10 0
9 0 0
9 1 0.256036
9 2 0.471221
9 3 0.62338
9 4 0.704715
9 5 0.718824
9 6 0.669655
9 7 0.55933
9 8 0.395818
9 9 0.20031
9 10 0
10 0 0
10 1 0.269622
10 2 0.494297
10 3 0.650758
10 4 0.732997
10 5 0.746788
10 6 0.69673
10 7 0.583923
10 8 0.414803
10 9 0.210457
10 10 0
11 0 0
11 1 0.279709
11 2 0.511108
11 3 0.670234
11 4 0.752704
11 5 0.766055
11 6 0.715388
11 7 0.60102
11 8 0.428152
11 9 0.217652
11 10 0
12 0 0
12 1 0.287118
12 2 0.523247
12 3 0.683998
12 4 0.766362
12 5 0.779256
12 6 0.728152
12 7 0.612783
12 8 0.437411
12 9 0.222673
12 10 0
13 0 0
13 1 0.292661
13 2 0.532158
13 3 0.693863
13 4 0.775943
13 5 0.788394
13 6 0.736963
13 7 0.620938
13 8 0.443873
13 9 0.226195
13 10 0
14 0 0
14 1 0.297124
14 2 0.539113
14 3 0.701269
14 4 0.782892
14 5 0.794901
14 6 0.743233
14 7 0.6268
14 8 0.44857
14 9 0.228775
14 10 0
15 0 0
15 1 0.301408
15 2 0.545354
15 3 0.707344
15 4 0.788154
15 5 0.799678
15 6 0.747951
15 7 0.631411
15 8 0.452418
15 9 0.230934
15 10 0
16 0 0
16 1 0.306946
16 2 0.552438
16 3 0.71292
16 4 0.791969
16 5 0.802934
16 6 0.751696
16 7 0.635847
16 8 0.456542
16 9 0.23344
16 10 0
17 0 0
17 1 0.316916
17 2 0.563119
17 3 0.718301
17 4 0.792928
17 5 0.803266
17 6 0.754559
17 7 0.641625
17 8 0.463712
17 9 0.237861
17 10 0
18 0 0
18 1 0.340166
18 2 0.583442
18 3 0.722194
18 4 0.784963
18 5 0.794635
18 6 0.75438
18 7 0.653966
18 8 0.479589
18 9 0.251625
18 10 0
19 0 0
19 1 0.405441
19 2 0.628191
19 3 0.713585
19 4 0.752457
19 5 0.760203
19 6 0.737927
19 7 0.675494
19 8 0.547209
19 9 0.28405
19 10 0
20 0 0
20 1 0.666667
20 2 0.666667
20 3 0.666667
20 4 0.666667
20 5 0.666667
20 6 0.666667
20 7 0.666667
20 8 0.666667
20 9 0.666667
20 10 0
