0 0 0
0 1 0
0 2 0
0 3 0
0 4 0
0 5 0
0 6 0
0 7 0
0 8 0
0 9 0
0 10 0
1 0 0
1 1 0.0302594
1 2 0.0555151
1 3 0.0737636
1 4 0.0833679
1 5 0.0837386
1 6 0.0756081
1 7 0.0608308
1 8 0.0418331
1 9 0.0209616
1 10 0
2 0 0
2 1 0.061814
2 2 0.114098
2 3 0.152568
2 4 0.173435
2 5 0.175047
2 6 0.15857
2 7 0.127721
2 8 0.0877284
2 9 0.043842
2 10 0
3 0 0
3 1 0.0949677
3 2 0.176306
3 3 0.237099
3 4 0.270988
3 5 0.274942
3 6 0.250215
3 7 0.202138
3 8 0.138909
3 9 0.0693045
3 10 0
4 0 0
4 1 0.128916
4 2 0.240203
4 3 0.324
4 4 0.371467
4 5 0.378495
4 6 0.346274
4 7 0.281103
4 8 0.193694
4 9 0.0966334
4 10 0
5 0 0
5 1 0.162085
5 2 0.302262
5 3 0.407547
5 4 0.467346
5 5 0.477428
5 6 0.439079
5 7 0.358674
5 8 0.248316
5 9 0.124089
5 10 0
6 0 0
6 1 0.1927
6 2 0.358742
6 3 0.48209
6 4 0.551535
6 5 0.563961
6 6 0.52109
6 7 0.428561
6 8 0.298488
6 9 0.149603
6 10 0
7 0 0
7 1 0.219348
7 2 0.406935
7 3 0.544038
7 4 0.619991
7 5 0.633768
7 6 0.587814
7 7 0.48656
7 8 0.341024
7 9 0.171536
7 10 0
8 0 0
8 1 0.2413
8 2 0.445749
8 3 0.592489
8 4 0.672238
8 5 0.686493
8 6 0.63853
8 7 0.531454
8 8 0.374636
8 9 0.189114
8 10 0
9 0 0
9 1 0.258543
9 2 0.475549
9 3 0.628627
9 4 0.710264
9 5 0.724427
9 6 0.675166
9 7 0.564382
9 8 0.399737
9 9 0.202409
9 10 0
10 0 0
10 1 0.271581
10 2 0.497613
10 3 0.654684
10 4 0.737065
10 5 0.750855
10 6 0.700735
10 7 0.587633
10 8 0.417717
10 9 0.212033
10 10 0
11 0 0
11 1 0.281188
11 2 0.513574
11 3 0.673096
11 4 0.755618
11 5 0.768941
11 6 0.718232
11 7 0.603673
11 8 0.430255
11 9 0.218796
11 10 0
12 0 0
12 1 0.288207
12 2 0.525039
12 3 0.686044
12 4 0.768417
12 5 0.781274
12 6 0.73014
12 7 0.614646
12 8 0.438898
12 9 0.223486
12 10 0
13 0 0
13 1 0.293445
13 2 0.533435
13 3 0.695304
13 4 0.777374
13 5 0.78979
13 6 0.738336
13 7 0.622229
13 8 0.444908
13 9 0.226762
13 10 0
14 0 0
14 1 0.297678
14 2 0.54001
14 3 0.702271
14 4 0.783878
14 5 0.795857
14 6 0.744172
14 7 0.627685
14 8 0.449281
14 9 0.229166
14 10 0
15 0 0
15 1 0.301793
15 2 0.545973
15 3 0.708029
15 4 0.788825
15 5 0.800325
15 6 0.748586
15 7 0.632009
15 8 0.4529
15 9 0.2312
15 10 0
16 0 0
16 1 0.307207
16 2 0.552855
16 3 0.71338
16 4 0.792417
16 5 0.803366
16 6 0.752118
16 7 0.636244
16 8 0.456862
16 9 0.233617
16 10 0
17 0 0
17 1 0.317086
17 2 0.56339
17 3 0.718599
17 4 0.793218
17 5 0.803544
17 6 0.75483
17 7 0.64188
17 8 0.463917
17 9 0.237974
17 10 0
18 0 0
18 1 0.340267
18 2 0.583603
18 3 0.722372
18 4 0.785137
18 5 0.794802
18 6 0.754541
18 7 0.654116
18 8 0.47971
18 9 0.251692
18 10 0
19 0 0
19 1 0.405489
19 2 0.628266
19 3 0.713669
19 4 0.75254
19 5 0.760283
19 6 0.738003
19 7 0.675563
19 8 0.547264
19 9 0.284081
19 10 0
20 0 0
20 1 0.666667
20 2 0.666667
20 3 0.666667
20 4 0.666667
20 5 0.666667
20 6 0.666667
20 7 0.666667
20 8 0.666667
20 9 0.666667
20 10 0
