0 0 0
0 1 0
0 2 0
0 3 0
0 4 0
0 5 0
0 6 0
0 7 0
0 8 0
0 9 0
0 10 0
1 0 0
1 1 0.0217935
1 2 0.0395823
1 3 0.051949
1 4 0.057985
1 5 0.0575918
1 6 0.0515316
1 7 0.0411991
1 8 0.0282314
1 9 0.0141261
1 10 0
2 0 0
2 1 0.0450831
2 2 0.0823852
2 3 0.108846
2 4 0.122226
2 5 0.121965
2 6 0.109437
2 7 0.0875509
2 8 0.059917
2 9 0.029913
2 10 0
3 0 0
3 1 0.0707546
3 2 0.130199
3 3 0.173311
3 4 0.195976
3 5 0.19671
3 6 0.177248
3 7 0.142078
3 8 0.0971944
3 9 0.0484307
3 10 0
4 0 0
4 1 0.0988631
4 2 0.183033
4 3 0.245187
4 4 0.278953
4 5 0.281656
4 6 0.255111
4 7 0.205213
4 8 0.140537
4 9 0.0699559
4 10 0
5 0 0
5 1 0.128626
5 2 0.239115
5 3 0.321535
5 4 0.367288
5 5 0.372696
5 6 0.339502
5 7 0.274491
5 8 0.188526
5 9 0.0938679
5 10 0
6 0 0
6 1 0.158631
6 2 0.295362
6 3 0.397457
6 4 0.454625
6 5 0.462928
6 6 0.424102
6 7 0.345063
6 8 0.238102
6 9 0.118749
6 10 0
7 0 0
7 1 0.187223
7 2 0.348311
7 3 0.467717
7 4 0.534391
7 5 0.545171
7 6 0.502045
7 7 0.411305
7 8 0.28549
7 9 0.142789
7 10 0
8 0 0
8 1 0.212952
8 2 0.395125
8 3 0.5284
8 4 0.601996
8 5 0.614471
8 6 0.568339
8 7 0.468757
8 8 0.327437
8 9 0.16435
8 10 0
9 0 0
9 1 0.234894
9 2 0.434227
9 3 0.577741
9 4 0.655766
9 5 0.669121
9 6 0.62101
9 7 0.515257
9 8 0.362089
9 9 0.182409
9 10 0
10 0 0
10 1 0.252748
10 2 0.465363
10 3 0.615962
10 4 0.696473
10 5 0.710083
10 6 0.660696
10 7 0.550863
10 8 0.389121
10 9 0.196681
10 10 0
11 0 0
11 1 0.266744
11 2 0.489269
11 3 0.644548
11 4 0.726248
11 5 0.739723
11 6 0.689502
11 7 0.577046
11 8 0.40931
11 9 0.207459
11 10 0
12 0 0
12 1 0.27746
12 2 0.507215
12 3 0.665485
12 4 0.747599
12 5 0.760743
12 6 0.709949
12 7 0.595812
12 8 0.423958
12 9 0.215349
12 10 0
13 0 0
13 1 0.285642
13 2 0.520645
13 3 0.680767
13 4 0.762844
13 5 0.775568
13 6 0.724359
13 7 0.609135
13 8 0.43446
13 9 0.221047
13 10 0
14 0 0
14 1 0.292132
14 2 0.531002
14 3 0.692151
14 4 0.773869
14 5 0.786122
14 6 0.734616
14 7 0.618709
14 8 0.44209
14 9 0.22522
14 10 0
15 0 0
15 1 0.297931
15 2 0.539747
15 3 0.701098
15 4 0.782024
15 5 0.793745
15 6 0.742137
15 7 0.625943
15 8 0.448027
15 9 0.228519
15 10 0
16 0 0
16 1 0.304586
16 2 0.548654
16 3 0.708733
16 4 0.787882
16 5 0.798995
16 6 0.747845
16 7 0.632224
16 8 0.453628
16 9 0.231835
16 10 0
17 0 0
17 1 0.315379
17 2 0.560667
17 3 0.715596
17 4 0.790292
17 5 0.800732
17 6 0.752092
17 7 0.639311
17 8 0.461849
17 9 0.236833
17 10 0
18 0 0
18 1 0.339249
18 2 0.581984
18 3 0.720582
18 4 0.783384
18 5 0.793118
18 6 0.752916
18 7 0.652604
18 8 0.478496
18 9 0.25102
18 10 0
19 0 0
19 1 0.405016
19 2 0.627517
19 3 0.71283
19 4 0.751708
19 5 0.759483
19 6 0.73724
19 7 0.674867
19 8 0.54671
19 9 0.283773
19 10 0
20 0 0
20 1 0.666667
20 2 0.666667
20 3 0.666667
20 4 0.666667
20 5 0.666667
20 6 0.666667
20 7 0.666667
20 8 0.666667
20 9 0.666667
20 10 0
