0 0 0
0 1 0
0 2 0
0 3 0
0 4 0
0 5 0
0 6 0
0 7 0
0 8 0
0 9 0
0 10 0
1 0 0
1 1 0.0304053
1 2 0.0557918
1 3 0.0741457
1 4 0.0838168
1 5 0.0842053
1 6 0.0760415
1 7 0.0611866
1 8 0.0420806
1 9 0.0210863
1 10 0
2 0 0
2 1 0.0620994
2 2 0.114643
2 3 0.153323
2 4 0.174327
2 5 0.17598
2 6 0.159441
2 7 0.12844
2 8 0.0882283
2 9 0.044093
2 10 0
3 0 0
3 1 0.0953733
3 2 0.177081
3 3 0.238175
3 4 0.27226
3 5 0.276279
3 6 0.251473
3 7 0.203184
3 8 0.139641
3 9 0.069672
3 10 0
4 0 0
4 1 0.129407
4 2 0.241137
4 3 0.325285
4 4 0.372977
4 5 0.380083
4 6 0.347784
4 7 0.282375
4 8 0.194594
4 9 0.0970878
4 10 0
5 0 0
5 1 0.162616
5 2 0.303259
5 3 0.408895
5 4 0.468906
5 5 0.479064
5 6 0.440651
5 7 0.360021
5 8 0.249286
5 9 0.124583
5 10 0
6 0 0
6 1 0.193224
6 2 0.359707
6 3 0.483362
6 4 0.552978
6 5 0.565464
6 6 0.522546
6 7 0.429834
6 8 0.299424
6 9 0.150085
6 10 0
7 0 0
7 1 0.219826
7 2 0.407797
7 3 0.545142
7 4 0.621213
7 5 0.635029
7 6 0.589044
7 7 0.487656
7 8 0.341846
7 9 0.171966
7 10 0
8 0 0
8 1 0.24171
8 2 0.44647
8 3 0.593386
8 4 0.673207
8 5 0.687482
8 6 0.6395
8 7 0.532333
8 8 0.375308
8 9 0.18947
8 10 0
9 0 0
9 1 0.258876
9 2 0.476122
9 3 0.629321
9 4 0.710997
9 5 0.725167
9 6 0.675894
9 7 0.565051
9 8 0.400256
9 9 0.202688
9 10 0
10 0 0
10 1 0.27184
10 2 0.498052
10 3 0.655202
10 4 0.737601
10 5 0.75139
10 6 0.701263
10 7 0.588123
10 8 0.418102
10 9 0.212241
10 10 0
11 0 0
11 1 0.281384
11 2 0.513899
11 3 0.673473
11 4 0.756002
11 5 0.769321
11 6 0.718607
11 7 0.604023
11 8 0.430533
11 9 0.218948
11 10 0
12 0 0
12 1 0.288351
12 2 0.525275
12 3 0.686313
12 4 0.768687
12 5 0.78154
12 6 0.730401
12 7 0.614892
12 8 0.439093
12 9 0.223593
12 10 0
13 0 0
13 1 0.293548
13 2 0.533604
13 3 0.695494
13 4 0.777562
13 5 0.789974
13 6 0.738516
13 7 0.622399
13 8 0.445044
13 9 0.226837
13 10 0
14 0 0
14 1 0.297752
14 2 0.540128
14 3 0.702402
14 4 0.784008
14 5 0.795983
14 6 0.744296
14 7 0.627801
14 8 0.449375
14 9 0.229218
14 10 0
15 0 0
15 1 0.301844
15 2 0.546054
15 3 0.70812
15 4 0.788913
15 5 0.80041
15 6 0.74867
15 7 0.632088
15 8 0.452964
15 9 0.231235
15 10 0
16 0 0
16 1 0.307242
16 2 0.55291
16 3 0.713441
16 4 0.792476
16 5 0.803422
16 6 0.752174
16 7 0.636296
16 8 0.456905
16 9 0.23364
16 10 0
17 0 0
17 1 0.317108
17 2 0.563426
17 3 0.718638
17 4 0.793256
17 5 0.803581
17 6 0.754866
17 7 0.641913
17 8 0.463944
17 9 0.237989
17 10 0
18 0 0
18 1 0.34028
18 2 0.583624
18 3 0.722396
18 4 0.78516
18 5 0.794824
18 6 0.754562
18 7 0.654136
18 8 0.479726
18 9 0.251701
18 10 0
19 0 0
19 1 0.405495
19 2 0.628276
19 3 0.71368
19 4 0.75255
19 5 0.760293
19 6 0.738013
19 7 0.675572
19 8 0.547271
19 9 0.284085
19 10 0
20 0 0
20 1 0.666667
20 2 0.666667
20 3 0.666667
20 4 0.666667
20 5 0.666667
20 6 0.666667
20 7 0.666667
20 8 0.666667
20 9 0.666667
20 10 0
