0 0 0
0 1 0
0 2 0
0 3 0
0 4 0
0 5 0
0 6 0
0 7 0
0 8 0
0 9 0
0 10 0
1 0 0
1 1 0.0100453
1 2 0.0188281
1 3 0.0258987
1 4 0.0308033
1 5 0.0331289
1 6 0.0324588
1 7 0.0284568
1 8 0.0211441
1 9 0.0111963
1 10 0
2 0 0
2 1 0.0189938
2 2 0.0355227
2 3 0.0486845
2 4 0.0576178
2 5 0.0615965
2 6 0.0599477
2 7 0.0521939
2 8 0.0385286
2 9 0.020296
2 10 0
3 0 0
3 1 0.0260488
3 2 0.0485167
3 3 0.0660768
3 4 0.077577
3 5 0.0821728
3 6 0.0791973
3 7 0.0683006
3 8 0.0499948
3 9 0.0261717
3 10 0
4 0 0
4 1 0.0309363
4 2 0.0573173
4 3 0.0774709
4 4 0.0901147
4 5 0.0944856
4 6 0.0901319
4 7 0.0769899
4 8 0.0559024
4 9 0.0290979
4 10 0
5 0 0
5 1 0.0338908
5 2 0.0624643
5 3 0.0838217
5 4 0.096691
5 5 0.100501
5 6 0.0950729
5 7 0.0806164
5 8 0.0581938
5 9 0.0301717
5 10 0
6 0 0
6 1 0.0354368
6 2 0.0650426
6 3 0.0868061
6 4 0.099538
6 5 0.102859
6 6 0.0968014
6 7 0.0817365
6 8 0.0588188
6 9 0.0304361
6 10 0
7 0 0
7 1 0.0361301
7 2 0.0661372
7 3 0.0879744
7 4 0.100539
7 5 0.103583
7 6 0.0972488
7 7 0.0819708
7 8 0.0589198
7 9 0.0304686
7 10 0
8 0 0
8 1 0.0363928
8 2 0.066525
8 3 0.0883486
8 4 0.100819
8 5 0.10375
8 6 0.0973274
8 7 0.0819968
8 8 0.058923
8 9 0.0304666
8 10 0
9 0 0
9 1 0.0364775
9 2 0.0666389
9 3 0.0884445
9 4 0.100878
9 5 0.103777
9 6 0.0973351
9 7 0.0819966
9 8 0.0589213
9 9 0.0304657
9 10 0
10 0 0
10 1 0.0365212
10 2 0.0666888
10 3 0.0884766
10 4 0.100891
10 5 0.10378
10 6 0.0973352
10 7 0.0819967
10 8 0.0589217
10 9 0.0304659
10 10 0
11 0 0
11 1 0.036655
11 2 0.0668514
11 3 0.0885926
11 4 0.100947
11 5 0.103797
11 6 0.0973365
11 7 0.0819957
11 8 0.0589218
11 9 0.0304665
11 10 0
12 0 0
12 1 0.0371927
12 2 0.0675749
12 3 0.0891997
12 4 0.10132
12 5 0.103966
12 6 0.097385
12 7 0.0819961
12 8 0.0589131
12 9 0.0304615
12 10 0
13 0 0
13 1 0.0389693
13 2 0.0701561
13 3 0.0916398
13 4 0.103104
13 5 0.105013
13 6 0.09787
13 7 0.0821552
13 8 0.058934
13 9 0.0304508
13 10 0
14 0 0
14 1 0.0438645
14 2 0.0777113
14 3 0.0994744
14 4 0.109623
14 5 0.109601
14 6 0.100637
14 7 0.0835731
14 8 0.05953
14 9 0.0306386
14 10 0
15 0 0
15 1 0.055395
15 2 0.0963327
15 3 0.12018
15 4 0.128627
15 5 0.124852
15 6 0.111554
15 7 0.0905164
15 8 0.0633521
15 9 0.0322316
15 10 0
16 0 0
16 1 0.0790887
16 2 0.135626
16 3 0.165888
16 4 0.173642
16 5 0.164741
16 6 0.143828
16 7 0.114115
16 8 0.0781832
16 9 0.0391922
16 10 0
17 0 0
17 1 0.122578
17 2 0.207467
17 3 0.250291
17 4 0.260204
17 5 0.247462
17 6 0.218015
17 7 0.174311
17 8 0.120273
17 9 0.0599842
17 10 0
18 0 0
18 1 0.19718
18 2 0.322854
18 3 0.379187
18 4 0.392144
18 5 0.380839
18 6 0.349912
18 7 0.295943
18 8 0.211572
18 9 0.110898
18 10 0
19 0 0
19 1 0.329638
19 2 0.491303
19 3 0.533293
19 4 0.544882
19 5 0.54032
19 6 0.521862
19 7 0.482675
19 8 0.400477
19 9 0.205337
19 10 0
20 0 0
20 1 0.666667
20 2 0.666667
20 3 0.666667
20 4 0.666667
20 5 0.666667
20 6 0.666667
20 7 0.666667
20 8 0.666667
20 9 0.666667
20 10 0
