0 0 0
0 1 0
0 2 0
0 3 0
0 4 0
0 5 0
0 6 0
0 7 0
0 8 0
0 9 0
0 10 0
1 0 0
1 1 0.00156551
1 2 0.00285387
1 3 0.0037802
1 4 0.00429107
1 5 0.00436815
1 6 0.00403004
1 7 0.0033307
1 8 0.00235405
1 9 0.00120525
1 10 0
2 0 0
2 1 0.00313956
2 2 0.00571969
2 3 0.00756957
2 4 0.00858371
2 5 0.00872812
2 6 0.00804319
2 7 0.00663988
2 8 0.00468811
2 9 0.00239841
2 10 0
3 0 0
3 1 0.00474139
3 2 0.00862626
3 3 0.0113955
3 4 0.0128956
3 5 0.0130843
3 6 0.0120318
3 7 0.00991276
3 8 0.00698703
3 9 0.0035702
3 10 0
4 0 0
4 1 0.00641598
4 2 0.0116469
4 3 0.0153403
4 4 0.0173019
4 5 0.0174947
4 6 0.0160337
4 7 0.0131699
4 8 0.00925952
4 9 0.00472316
4 10 0
5 0 0
5 1 0.00825392
5 2 0.0149363
5 3 0.01959
5 4 0.0219899
5 5 0.0221257
5 6 0.0201818
5 7 0.0165063
5 8 0.0115647
5 9 0.00588497
5 10 0
6 0 0
6 1 0.0104166
6 2 0.0187767
6 3 0.0244967
6 4 0.0273304
6 5 0.0273236
6 6 0.0247678
6 7 0.0201427
6 8 0.0140474
6 9 0.00712585
6 10 0
7 0 0
7 1 0.0131669
7 2 0.0236368
7 3 0.0306591
7 4 0.03397
7 5 0.0337081
7 6 0.0303267
7 7 0.0244934
7 8 0.0169836
7 9 0.00858146
7 10 0
8 0 0
8 1 0.0169042
8 2 0.0302407
8 3 0.0390205
8 4 0.0429479
8 5 0.0422932
8 6 0.0377476
8 7 0.0302543
8 8 0.0208416
8 9 0.0104828
8 10 0
9 0 0
9 1 0.0221974
9 2 0.0396382
9 3 0.0509773
9 4 0.0558326
9 5 0.0546345
9 6 0.0484109
9 7 0.0385152
9 8 0.0263576
9 9 0.0131939
9 10 0
10 0 0
10 1 0.0298028
10 2 0.0532549
10 3 0.06847
10 4 0.0748509
10 5 0.07298
10 6 0.0643381
10 7 0.0508849
10 8 0.0346221
10 9 0.0172541
10 10 0
11 0 0
11 1 0.0406424
11 2 0.0728708
11 3 0.093985
11 4 0.102928
11 5 0.100347
11 6 0.0882888
11 7 0.0695836
11 8 0.0471477
11 9 0.0234113
11 10 0
12 0 0
12 1 0.0557123
12 2 0.100451
12 3 0.130336
12 4 0.143464
12 5 0.140347
12 6 0.123653
12 7 0.097392
12 8 0.0658473
12 9 0.0326134
12 10 0
13 0 0
13 1 0.0759011
13 2 0.137755
13 3 0.180058
13 4 0.1996
13 5 0.196461
13 6 0.17387
13 7 0.137257
13 8 0.0928056
13 9 0.0459038
13 10 0
14 0 0
14 1 0.101757
14 2 0.185736
14 3 0.244353
14 4 0.272802
14 5 0.270535
14 6 0.241123
14 7 0.191363
14 8 0.129728
14 9 0.0641756
14 10 0
15 0 0
15 1 0.133362
15 2 0.243997
15 3 0.321903
15 4 0.361095
15 5 0.360766
15 6 0.32451
15 7 0.259785
15 8 0.177162
15 9 0.0878304
15 10 0
16 0 0
16 1 0.170655
16 2 0.310857
16 3 0.408336
16 4 0.458012
16 5 0.460393
16 6 0.418762
16 7 0.339619
16 8 0.234007
16 9 0.11668
16 10 0
17 0 0
17 1 0.214864
17 2 0.384782
17 3 0.497032
17 4 0.55311
17 5 0.558227
17 6 0.515128
17 7 0.425776
17 8 0.298998
17 9 0.150465
17 10 0
18 0 0
18 1 0.272947
18 2 0.467769
18 3 0.58054
18 4 0.632668
18 5 0.639735
18 6 0.603056
18 7 0.516557
18 8 0.373213
18 9 0.194437
18 10 0
19 0 0
19 1 0.37237
19 2 0.572055
19 3 0.645065
19 4 0.67877
19 5 0.685458
19 6 0.665401
19 7 0.61001
19 8 0.496251
19 9 0.256197
19 10 0
20 0 0
20 1 0.666667
20 2 0.666667
20 3 0.666667
20 4 0.666667
20 5 0.666667
20 6 0.666667
20 7 0.666667
20 8 0.666667
20 9 0.666667
20 10 0
