0 0 0
0 1 0
0 2 0
0 3 0
0 4 0
0 5 0
0 6 0
0 7 0
0 8 0
0 9 0
0 10 0
1 0 0
1 1 0.0298475
1 2 0.0547349
1 3 0.0726865
1 4 0.0821035
1 5 0.0824247
1 6 0.0743887
1 7 0.0598303
1 8 0.0411371
1 9 0.0206111
1 10 0
2 0 0
2 1 0.0610083
2 2 0.112562
2 3 0.150436
2 4 0.170919
2 5 0.172417
2 6 0.156114
2 7 0.125699
2 8 0.0863219
2 9 0.0431361
2 10 0
3 0 0
3 1 0.0938214
3 2 0.174116
3 3 0.234059
3 4 0.267395
3 5 0.271168
3 6 0.246663
3 7 0.199188
3 8 0.136847
3 9 0.0682691
3 10 0
4 0 0
4 1 0.127526
4 2 0.23756
4 3 0.320361
4 4 0.367193
4 5 0.373999
4 6 0.342002
4 7 0.277506
4 8 0.191151
4 9 0.0953506
4 10 0
5 0 0
5 1 0.16058
5 2 0.299435
5 3 0.403723
5 4 0.462916
5 5 0.472781
5 6 0.434621
5 7 0.354854
5 8 0.245569
5 9 0.12269
5 10 0
6 0 0
6 1 0.191213
6 2 0.355999
6 3 0.478471
6 4 0.547427
6 5 0.559682
6 6 0.516947
6 7 0.424942
6 8 0.295833
6 9 0.148233
6 10 0
7 0 0
7 1 0.217986
7 2 0.40448
7 3 0.540891
7 4 0.616504
7 5 0.630171
7 6 0.584305
7 7 0.483436
7 8 0.338683
7 9 0.170311
7 10 0
8 0 0
8 1 0.240132
8 2 0.443691
8 3 0.589927
8 4 0.669468
8 5 0.683666
8 6 0.635758
8 7 0.528945
8 8 0.372719
8 9 0.188098
8 10 0
9 0 0
9 1 0.257593
9 2 0.47391
9 3 0.626642
9 4 0.708167
9 5 0.722311
9 6 0.673084
9 7 0.562472
9 8 0.398253
9 9 0.201614
9 10 0
10 0 0
10 1 0.270839
10 2 0.496359
10 3 0.6532
10 4 0.735529
10 5 0.74932
10 6 0.699223
10 7 0.586232
10 8 0.416616
10 9 0.211437
10 10 0
11 0 0
11 1 0.280629
11 2 0.512642
11 3 0.672015
11 4 0.754518
11 5 0.767852
11 6 0.717159
11 7 0.602672
11 8 0.429461
11 9 0.218364
11 10 0
12 0 0
12 1 0.287796
12 2 0.524362
12 3 0.685271
12 4 0.767641
12 5 0.780513
12 6 0.72939
12 7 0.613943
12 8 0.438337
12 9 0.223179
12 10 0
13 0 0
13 1 0.293149
13 2 0.532953
13 3 0.69476
13 4 0.776834
13 5 0.789264
13 6 0.737818
13 7 0.621742
13 8 0.444517
13 9 0.226548
13 10 0
14 0 0
14 1 0.297469
14 2 0.539671
14 3 0.701893
14 4 0.783506
14 5 0.795496
14 6 0.743818
14 7 0.627351
14 8 0.449013
14 9 0.229019
14 10 0
15 0 0
15 1 0.301648
15 2 0.545739
15 3 0.707771
15 4 0.788572
15 5 0.800081
15 6 0.748346
15 7 0.631783
15 8 0.452718
15 9 0.2311
15 10 0
16 0 0
16 1 0.307109
16 2 0.552698
16 3 0.713206
16 4 0.792248
16 5 0.803203
16 6 0.751959
16 7 0.636094
16 8 0.456741
16 9 0.23355
16 10 0
17 0 0
17 1 0.317021
17 2 0.563288
17 3 0.718486
17 4 0.793109
17 5 0.803439
17 6 0.754728
17 7 0.641783
17 8 0.46384
17 9 0.237931
17 10 0
18 0 0
18 1 0.340229
18 2 0.583542
18 3 0.722305
18 4 0.785072
18 5 0.794739
18 6 0.75448
18 7 0.654059
18 8 0.479664
18 9 0.251667
18 10 0
19 0 0
19 1 0.405471
19 2 0.628238
19 3 0.713637
19 4 0.752508
19 5 0.760253
19 6 0.737975
19 7 0.675537
19 8 0.547243
19 9 0.284069
19 10 0
20 0 0
20 1 0.666667
20 2 0.666667
20 3 0.666667
20 4 0.666667
20 5 0.666667
20 6 0.666667
20 7 0.666667
20 8 0.666667
20 9 0.666667
20 10 0
