0 0 0
0 1 0
0 2 0
0 3 0
0 4 0
0 5 0
0 6 0
0 7 0
0 8 0
0 9 0
0 10 0
1 0 0
1 1 0.0304317
1 2 0.0558418
1 3 0.0742149
1 4 0.083898
1 5 0.0842898
1 6 0.07612
1 7 0.061251
1 8 0.0421255
1 9 0.0211088
1 10 0
2 0 0
2 1 0.062151
2 2 0.114741
2 3 0.15346
2 4 0.174488
2 5 0.176149
2 6 0.159599
2 7 0.12857
2 8 0.0883187
2 9 0.0441384
2 10 0
3 0 0
3 1 0.0954467
3 2 0.177221
3 3 0.23837
3 4 0.27249
3 5 0.27652
3 6 0.251701
3 7 0.203373
3 8 0.139773
3 9 0.0697385
3 10 0
4 0 0
4 1 0.129496
4 2 0.241305
4 3 0.325517
4 4 0.373249
4 5 0.38037
4 6 0.348057
4 7 0.282605
4 8 0.194757
4 9 0.0971699
4 10 0
5 0 0
5 1 0.162712
5 2 0.303439
5 3 0.409138
5 4 0.469187
5 5 0.47936
5 6 0.440935
5 7 0.360265
5 8 0.249461
5 9 0.124672
5 10 0
6 0 0
6 1 0.193319
6 2 0.359881
6 3 0.483592
6 4 0.553238
6 5 0.565735
6 6 0.522808
6 7 0.430064
6 8 0.299592
6 9 0.150172
6 10 0
7 0 0
7 1 0.219912
7 2 0.407952
7 3 0.545341
7 4 0.621434
7 5 0.635256
7 6 0.589266
7 7 0.487854
7 8 0.341994
7 9 0.172043
7 10 0
8 0 0
8 1 0.241784
8 2 0.4466
8 3 0.593547
8 4 0.673381
8 5 0.68766
8 6 0.639674
8 7 0.532491
8 8 0.375429
8 9 0.189534
8 10 0
9 0 0
9 1 0.258936
9 2 0.476226
9 3 0.629446
9 4 0.711129
9 5 0.7253
9 6 0.676025
9 7 0.565171
9 8 0.400349
9 9 0.202738
9 10 0
10 0 0
10 1 0.271887
10 2 0.498131
10 3 0.655295
10 4 0.737698
10 5 0.751487
10 6 0.701358
10 7 0.588211
10 8 0.418172
10 9 0.212279
10 10 0
11 0 0
11 1 0.281419
11 2 0.513958
11 3 0.673541
11 4 0.756071
11 5 0.769389
11 6 0.718674
11 7 0.604086
11 8 0.430583
11 9 0.218975
11 10 0
12 0 0
12 1 0.288377
12 2 0.525318
12 3 0.686362
12 4 0.768736
12 5 0.781587
12 6 0.730448
12 7 0.614936
12 8 0.439129
12 9 0.223612
12 10 0
13 0 0
13 1 0.293567
13 2 0.533634
13 3 0.695528
13 4 0.777596
13 5 0.790007
13 6 0.738549
13 7 0.622429
13 8 0.445068
13 9 0.226851
13 10 0
14 0 0
14 1 0.297765
14 2 0.540149
14 3 0.702426
14 4 0.784031
14 5 0.796006
14 6 0.744318
14 7 0.627822
14 8 0.449392
14 9 0.229227
14 10 0
15 0 0
15 1 0.301853
15 2 0.546069
15 3 0.708136
15 4 0.788929
15 5 0.800426
15 6 0.748685
15 7 0.632102
15 8 0.452975
15 9 0.231241
15 10 0
16 0 0
16 1 0.307248
16 2 0.55292
16 3 0.713452
16 4 0.792487
16 5 0.803433
16 6 0.752184
16 7 0.636306
16 8 0.456912
16 9 0.233645
16 10 0
17 0 0
17 1 0.317112
17 2 0.563432
17 3 0.718645
17 4 0.793263
17 5 0.803588
17 6 0.754873
17 7 0.641919
17 8 0.463949
17 9 0.237992
17 10 0
18 0 0
18 1 0.340283
18 2 0.583628
18 3 0.7224
18 4 0.785165
18 5 0.794828
18 6 0.754566
18 7 0.654139
18 8 0.479729
18 9 0.251702
18 10 0
19 0 0
19 1 0.405496
19 2 0.628277
19 3 0.713682
19 4 0.752552
19 5 0.760295
19 6 0.738015
19 7 0.675574
19 8 0.547272
19 9 0.284086
19 10 0
20 0 0
20 1 0.666667
20 2 0.666667
20 3 0.666667
20 4 0.666667
20 5 0.666667
20 6 0.666667
20 7 0.666667
20 8 0.666667
20 9 0.666667
20 10 0
