0 0 0
0 1 0
0 2 0
0 3 0
0 4 0
0 5 0
0 6 0
0 7 0
0 8 0
0 9 0
0 10 0
1 0 0
1 1 0.00639677
1 2 0.0113344
1 3 0.0144395
1 4 0.0156604
1 5 0.0151832
1 6 0.0133465
1 7 0.0105524
1 8 0.00719133
1 9 0.00359211
1 10 0
2 0 0
2 1 0.0136097
2 2 0.0242002
2 3 0.0309524
2 4 0.0336882
2 5 0.0327467
2 6 0.0288273
2 7 0.0228011
2 8 0.0155324
2 9 0.00775286
2 10 0
3 0 0
3 1 0.0224448
3 2 0.040117
3 3 0.0516131
3 4 0.0564741
3 5 0.0551157
3 6 0.0486347
3 7 0.0384992
3 8 0.0262168
3 9 0.0130745
3 10 0
4 0 0
4 1 0.0336831
4 2 0.0605946
4 3 0.0785369
4 4 0.0865161
4 5 0.0848767
4 6 0.07514
4 7 0.0595573
4 8 0.040546
4 9 0.0202002
4 10 0
5 0 0
5 1 0.0480159
5 2 0.0870161
5 3 0.113732
5 4 0.126265
5 5 0.124643
5 6 0.110796
5 7 0.0879803
5 8 0.0598914
5 9 0.0298051
5 10 0
6 0 0
6 1 0.065915
6 2 0.120369
6 3 0.158691
6 4 0.177622
6 5 0.176541
6 6 0.157697
6 7 0.125543
6 8 0.0854907
6 9 0.0424995
6 10 0
7 0 0
7 1 0.0874615
7 2 0.160857
7 3 0.213755
7 4 0.241098
7 5 0.241297
7 6 0.216747
7 7 0.173163
7 8 0.11805
7 9 0.0586433
7 10 0
8 0 0
8 1 0.112195
8 2 0.207538
8 3 0.277482
8 4 0.314928
8 5 0.31721
8 6 0.286676
8 7 0.23011
8 8 0.157239
8 9 0.0781103
8 10 0
9 0 0
9 1 0.139078
9 2 0.258216
9 3 0.346453
9 4 0.394769
9 5 0.399716
9 6 0.363515
9 7 0.293516
9 8 0.201333
9 9 0.100118
9 10 0
10 0 0
10 1 0.166638
10 2 0.309786
10 3 0.415877
10 4 0.474531
10 5 0.482257
10 6 0.441243
10 7 0.358715
10 8 0.24735
10 9 0.123273
10 10 0
11 0 0
11 1 0.193283
11 2 0.358971
11 3 0.480891
11 4 0.548182
11 5 0.55828
11 6 0.513588
11 7 0.420535
11 8 0.291789
11 9 0.145884
11 10 0
12 0 0
12 1 0.217664
12 2 0.403145
12 3 0.537879
12 4 0.611503
12 5 0.623239
12 6 0.575966
12 7 0.474875
12 8 0.331652
12 9 0.166435
12 10 0
13 0 0
13 1 0.238964
13 2 0.440868
13 3 0.585166
13 4 0.662832
13 5 0.675415
13 6 0.626433
13 7 0.519656
13 8 0.365181
13 9 0.183963
13 10 0
14 0 0
14 1 0.257032
14 2 0.471997
14 3 0.622892
14 4 0.702676
14 5 0.715445
14 6 0.66537
14 7 0.554817
14 8 0.392036
14 9 0.198198
14 10 0
15 0 0
15 1 0.272451
15 2 0.497524
15 3 0.652409
15 4 0.732727
15 5 0.745193
15 6 0.694534
15 7 0.581704
15 8 0.413048
15 9 0.209507
15 10 0
16 0 0
16 1 0.286774
16 2 0.519492
16 3 0.675576
16 4 0.754707
16 5 0.766545
16 6 0.716052
16 7 0.602547
16 8 0.430005
16 9 0.218926
16 10 0
17 0 0
17 1 0.30355
17 2 0.541488
17 3 0.693993
17 4 0.768826
17 5 0.779849
17 6 0.7317
17 7 0.620263
17 8 0.446624
17 9 0.228478
17 10 0
18 0 0
18 1 0.332106
18 2 0.57049
18 3 0.70766
18 4 0.770533
18 5 0.780656
18 6 0.740844
18 7 0.641403
18 8 0.469537
18 9 0.246082
18 10 0
19 0 0
19 1 0.40168
19 2 0.622177
19 3 0.706778
19 4 0.745628
19 5 0.753585
19 6 0.731597
19 7 0.669723
19 8 0.542629
19 9 0.281505
19 10 0
20 0 0
20 1 0.666667
20 2 0.666667
20 3 0.666667
20 4 0.666667
20 5 0.666667
20 6 0.666667
20 7 0.666667
20 8 0.666667
20 9 0.666667
20 10 0
