0 0 0
0 1 0
0 2 0
0 3 0
0 4 0
0 5 0
0 6 0
0 7 0
0 8 0
0 9 0
0 10 0
1 0 0
1 1 0.00337005
1 2 0.00592867
1 3 0.00748741
1 4 0.00805247
1 5 0.00775224
1 6 0.00677879
1 7 0.00534124
1 8 0.00363302
1 9 0.0018132
1 10 0
2 0 0
2 1 0.00722799
2 2 0.012745
2 3 0.0161381
2 4 0.017397
2 5 0.016778
2 6 0.0146867
2 7 0.0115767
2 8 0.0078735
2 9 0.0039283
2 10 0
3 0 0
3 1 0.012093
3 2 0.0213996
3 3 0.0272086
3 4 0.0294407
3 5 0.0284739
3 6 0.0249683
3 7 0.0196953
3 8 0.0133947
3 9 0.00668038
3 10 0
4 0 0
4 1 0.0185427
4 2 0.0329708
4 3 0.0421538
4 4 0.0458436
4 5 0.0445107
4 6 0.0391258
4 7 0.0308953
4 8 0.0210117
4 9 0.010474
4 10 0
5 0 0
5 1 0.0272157
5 2 0.0486831
5 3 0.0626739
5 4 0.068594
5 5 0.0669284
5 6 0.0590158
5 7 0.046665
5 8 0.0317366
5 9 0.0158095
5 10 0
6 0 0
6 1 0.038772
6 2 0.0698428
6 3 0.0906433
6 4 0.0999494
6 5 0.0980994
6 6 0.0868347
6 7 0.0687817
6 8 0.0467797
6 9 0.0232832
6 10 0
7 0 0
7 1 0.0537935
7 2 0.0976469
7 3 0.127844
7 4 0.142132
7 5 0.140438
7 6 0.124882
7 7 0.0991424
7 8 0.0674426
7 9 0.0335348
7 10 0
8 0 0
8 1 0.0726248
8 2 0.132846
8 3 0.175446
8 4 0.196679
8 5 0.195723
8 6 0.174968
8 7 0.139323
8 8 0.09484
8 9 0.0471158
8 10 0
9 0 0
9 1 0.0951871
9 2 0.175317
9 3 0.233302
9 4 0.263499
9 5 0.264059
9 6 0.237461
9 7 0.189846
9 8 0.129436
9 9 0.064273
9 10 0
10 0 0
10 1 0.120842
10 2 0.223733
10 3 0.299358
10 4 0.340033
10 5 0.342884
10 6 0.310308
10 7 0.249388
10 8 0.170523
10 9 0.0847058
10 10 0
11 0 0
11 1 0.148398
11 2 0.275556
11 3 0.369648
11 4 0.421219
11 5 0.426829
11 6 0.388757
11 7 0.314441
11 8 0.215957
11 9 0.107434
11 10 0
12 0 0
12 1 0.176318
12 2 0.327528
12 3 0.439149
12 4 0.500675
12 5 0.50898
12 6 0.466388
12 7 0.379954
12 8 0.262468
12 9 0.130919
12 10 0
13 0 0
13 1 0.203081
13 2 0.376504
13 3 0.503202
13 4 0.572651
13 5 0.583082
13 6 0.537139
13 7 0.44084
13 8 0.306559
13 9 0.153459
13 10 0
14 0 0
14 1 0.227595
14 2 0.420281
14 3 0.558744
14 4 0.633593
14 5 0.645312
14 6 0.597101
14 7 0.493518
14 8 0.345556
14 9 0.173689
14 10 0
15 0 0
15 1 0.249561
15 2 0.458124
15 3 0.604758
15 4 0.682463
15 5 0.694626
15 6 0.645087
15 7 0.536661
15 8 0.378312
15 9 0.190968
15 10 0
16 0 0
16 1 0.269923
16 2 0.491021
16 3 0.6419
16 4 0.71982
16 5 0.731755
16 6 0.681956
16 7 0.571148
16 8 0.405455
16 9 0.205689
16 10 0
17 0 0
17 1 0.291941
17 2 0.522182
17 3 0.67154
17 4 0.745868
17 5 0.757127
17 6 0.709454
17 7 0.599655
17 8 0.43035
17 9 0.219628
17 10 0
18 0 0
18 1 0.324924
18 2 0.558699
18 3 0.694063
18 4 0.756691
18 5 0.767029
18 6 0.727588
18 7 0.629154
18 8 0.459812
18 9 0.240752
18 10 0
19 0 0
19 1 0.39828
19 2 0.616645
19 3 0.700376
19 4 0.739072
19 5 0.747138
19 6 0.725398
19 7 0.664079
19 8 0.538168
19 9 0.279035
19 10 0
20 0 0
20 1 0.666667
20 2 0.666667
20 3 0.666667
20 4 0.666667
20 5 0.666667
20 6 0.666667
20 7 0.666667
20 8 0.666667
20 9 0.666667
20 10 0
