0 0 0
0 1 0
0 2 0
0 3 0
0 4 0
0 5 0
0 6 0
0 7 0
0 8 0
0 9 0
0 10 0
1 0 0
1 1 0.0269868
1 2 0.049329
1 3 0.0652477
1 4 0.0734015
1 5 0.0734139
1 6 0.0660531
1 7 0.0530093
1 8 0.0364004
1 9 0.0182282
1 10 0
2 0 0
2 1 0.0553891
2 2 0.101873
2 3 0.135637
2 4 0.153503
2 5 0.154272
2 6 0.139236
2 7 0.111843
2 8 0.0767028
2 9 0.0383129
2 10 0
3 0 0
3 1 0.0857729
3 2 0.158757
3 3 0.212759
3 4 0.242267
3 5 0.244846
3 6 0.221981
3 7 0.178767
3 8 0.122609
3 9 0.0611322
3 10 0
4 0 0
4 1 0.117677
4 2 0.218825
4 3 0.294546
4 4 0.33687
4 5 0.342158
4 6 0.311858
4 7 0.252248
4 8 0.173362
4 9 0.086397
4 10 0
5 0 0
5 1 0.149801
5 2 0.279146
5 3 0.376195
5 4 0.430969
5 5 0.439293
5 6 0.4026
5 7 0.327567
5 8 0.226047
5 9 0.11278
5 10 0
6 0 0
6 1 0.180441
6 2 0.336066
6 3 0.452042
6 4 0.517323
6 5 0.528307
6 6 0.486667
6 7 0.398641
6 8 0.276643
6 9 0.138374
6 10 0
7 0 0
7 1 0.208022
7 2 0.386426
7 3 0.517609
7 4 0.590584
7 5 0.603391
7 6 0.558258
7 7 0.460374
7 8 0.321502
7 9 0.161362
7 10 0
8 0 0
8 1 0.231497
8 2 0.428396
8 3 0.570768
8 4 0.648648
8 5 0.662379
8 6 0.614932
8 7 0.510184
8 8 0.358464
8 9 0.180571
8 10 0
9 0 0
9 1 0.250503
9 2 0.461626
9 3 0.611674
9 4 0.692275
9 5 0.706237
9 6 0.657297
9 7 0.548046
9 8 0.387107
9 9 0.195658
9 10 0
10 0 0
10 1 0.265269
10 2 0.486894
10 3 0.641947
10 4 0.723827
10 5 0.737606
10 6 0.687696
10 7 0.575582
10 8 0.408277
10 9 0.206938
10 10 0
11 0 0
11 1 0.276402
11 2 0.505578
11 3 0.663788
11 4 0.746113
11 5 0.759518
11 6 0.708952
11 7 0.59503
11 8 0.423418
11 9 0.21508
11 10 0
12 0 0
12 1 0.284676
12 2 0.519217
12 3 0.679378
12 4 0.761709
12 5 0.774679
12 6 0.723648
12 7 0.608569
12 8 0.434056
12 9 0.22084
12 10 0
13 0 0
13 1 0.290897
13 2 0.529278
13 3 0.690606
13 4 0.772702
13 5 0.785228
13 6 0.73385
13 7 0.618016
13 8 0.441535
13 9 0.224913
13 10 0
14 0 0
14 1 0.295875
14 2 0.537091
14 3 0.699005
14 4 0.780661
14 5 0.792734
14 6 0.741106
14 7 0.624799
14 8 0.446964
14 9 0.227893
14 10 0
15 0 0
15 1 0.300541
15 2 0.543958
15 3 0.705794
15 4 0.786637
15 5 0.798212
15 6 0.746514
15 7 0.630058
15 8 0.45133
15 9 0.230335
15 10 0
16 0 0
16 1 0.306358
16 2 0.551496
16 3 0.71188
16 4 0.790957
16 5 0.801959
16 6 0.750743
16 7 0.634949
16 8 0.455819
16 9 0.233042
16 10 0
17 0 0
17 1 0.316533
17 2 0.562509
17 3 0.717629
17 4 0.792274
17 5 0.802638
17 6 0.753947
17 7 0.641051
17 8 0.463249
17 9 0.237605
17 10 0
18 0 0
18 1 0.339937
18 2 0.583079
18 3 0.721793
18 4 0.784571
18 5 0.794258
18 6 0.754016
18 7 0.653627
18 8 0.479317
18 9 0.251474
18 10 0
19 0 0
19 1 0.405335
19 2 0.628023
19 3 0.713398
19 4 0.75227
19 5 0.760024
19 6 0.737757
19 7 0.675338
19 8 0.547085
19 9 0.283981
19 10 0
20 0 0
20 1 0.666667
20 2 0.666667
20 3 0.666667
20 4 0.666667
20 5 0.666667
20 6 0.666667
20 7 0.666667
20 8 0.666667
20 9 0.666667
20 10 0
