0 0 0
0 1 0
0 2 0
0 3 0
0 4 0
0 5 0
0 6 0
0 7 0
0 8 0
0 9 0
0 10 0
1 0 0
1 1 0.0277153
1 2 0.0507032
1 3 0.0671346
1 4 0.0756037
1 5 0.0756888
1 6 0.0681531
1 7 0.0547248
1 8 0.0375904
1 9 0.0188265
1 10 0
2 0 0
2 1 0.0568237
2 2 0.104598
2 3 0.139403
2 4 0.157926
2 5 0.15887
2 6 0.143504
2 7 0.11534
2 8 0.0791271
2 9 0.0395277
2 10 0
3 0 0
3 1 0.0878368
3 2 0.162693
3 3 0.218212
3 4 0.248693
3 5 0.251565
3 6 0.228266
3 7 0.183955
3 8 0.126219
3 9 0.0629402
3 10 0
4 0 0
4 1 0.120218
4 2 0.223659
4 3 0.30121
4 4 0.344698
4 5 0.350367
4 6 0.319611
4 7 0.258725
4 8 0.177912
4 9 0.0886839
4 10 0
5 0 0
5 1 0.1526
5 2 0.284423
5 3 0.383368
5 4 0.439303
5 5 0.448025
5 6 0.410931
5 7 0.334642
5 8 0.231092
5 9 0.115336
5 10 0
6 0 0
6 1 0.183259
6 2 0.341293
6 3 0.458994
6 4 0.52526
6 5 0.536581
6 6 0.494636
6 7 0.405537
6 8 0.281657
6 9 0.140943
6 10 0
7 0 0
7 1 0.210648
7 2 0.391198
7 3 0.523786
7 4 0.597481
7 5 0.610523
7 6 0.565183
7 7 0.466483
7 8 0.326036
7 9 0.163718
7 10 0
8 0 0
8 1 0.233788
8 2 0.432466
8 3 0.575888
8 4 0.65423
8 5 0.668092
8 6 0.620513
8 7 0.515196
8 8 0.362259
8 9 0.18257
8 10 0
9 0 0
9 1 0.252394
9 2 0.464913
9 3 0.615695
9 4 0.696558
9 5 0.710574
9 6 0.661553
9 7 0.551924
9 8 0.390095
9 9 0.197251
9 10 0
10 0 0
10 1 0.266762
10 2 0.489438
10 3 0.644982
10 4 0.726992
10 5 0.740778
10 6 0.690815
10 7 0.578458
10 8 0.410523
10 9 0.208148
10 10 0
11 0 0
11 1 0.277539
11 2 0.507482
11 3 0.666012
11 4 0.748391
11 5 0.761779
11 6 0.711178
11 7 0.597099
11 8 0.425051
11 9 0.215966
11 10 0
12 0 0
12 1 0.285518
12 2 0.520607
12 3 0.680974
12 4 0.763319
12 5 0.776263
12 6 0.725207
12 7 0.610026
12 8 0.435215
12 9 0.221473
12 10 0
13 0 0
13 1 0.291505
13 2 0.530272
13 3 0.691732
13 4 0.773823
13 5 0.786324
13 6 0.734928
13 7 0.619027
13 8 0.442344
13 9 0.225356
13 10 0
14 0 0
14 1 0.296306
14 2 0.537789
14 3 0.699788
14 4 0.781433
14 5 0.793484
14 6 0.741842
14 7 0.625491
14 8 0.447519
14 9 0.228198
14 10 0
15 0 0
15 1 0.30084
15 2 0.54444
15 3 0.706329
15 4 0.787162
15 5 0.798719
15 6 0.747011
15 7 0.630526
15 8 0.451706
15 9 0.230542
15 10 0
16 0 0
16 1 0.306561
16 2 0.551822
16 3 0.712239
16 4 0.791307
16 5 0.802297
16 6 0.751073
16 7 0.635259
16 8 0.456069
16 9 0.23318
16 10 0
17 0 0
17 1 0.316665
17 2 0.56272
17 3 0.717861
17 4 0.7925
17 5 0.802855
17 6 0.754159
17 7 0.641249
17 8 0.463409
17 9 0.237694
17 10 0
18 0 0
18 1 0.340016
18 2 0.583204
18 3 0.721932
18 4 0.784706
18 5 0.794388
18 6 0.754142
18 7 0.653744
18 8 0.479411
18 9 0.251526
18 10 0
19 0 0
19 1 0.405372
19 2 0.628081
19 3 0.713462
19 4 0.752335
19 5 0.760086
19 6 0.737816
19 7 0.675392
19 8 0.547127
19 9 0.284005
19 10 0
20 0 0
20 1 0.666667
20 2 0.666667
20 3 0.666667
20 4 0.666667
20 5 0.666667
20 6 0.666667
20 7 0.666667
20 8 0.666667
20 9 0.666667
20 10 0
