0 0 0
0 1 0
0 2 0
0 3 0
0 4 0
0 5 0
0 6 0
0 7 0
0 8 0
0 9 0
0 10 0
1 0 0
1 1 0.0125857
1 2 0.0225547
1 3 0.0291272
1 4 0.0320035
1 5 0.0313634
1 6 0.0277835
1 7 0.0220715
1 8 0.0150761
1 9 0.00753599
1 10 0
2 0 0
2 1 0.0264434
2 2 0.0476328
2 3 0.0618647
2 4 0.0683207
2 5 0.0672069
2 6 0.0596603
2 7 0.0474138
2 8 0.0323568
2 9 0.0161503
2 10 0
3 0 0
3 1 0.0426416
3 2 0.0773347
3 3 0.10121
3 4 0.11255
3 5 0.111312
3 6 0.0991405
3 7 0.0788785
3 8 0.0537924
3 9 0.0268076
3 10 0
4 0 0
4 1 0.0619101
4 2 0.113119
4 3 0.149279
4 4 0.167297
4 5 0.166511
4 6 0.148952
4 7 0.118751
4 8 0.0809718
4 9 0.0402947
4 10 0
5 0 0
5 1 0.0844907
5 2 0.155473
5 3 0.206778
5 4 0.233474
5 5 0.233927
5 6 0.210358
5 7 0.168234
5 8 0.114799
5 9 0.0570702
5 10 0
6 0 0
6 1 0.11001
6 2 0.2036
6 3 0.272437
6 4 0.30949
6 5 0.31202
6 6 0.282228
6 7 0.226714
6 8 0.155023
6 9 0.0770496
6 10 0
7 0 0
7 1 0.137463
7 2 0.255353
7 3 0.342873
7 4 0.391016
7 5 0.396226
7 6 0.360584
7 7 0.291316
7 8 0.19992
7 9 0.099452
7 10 0
8 0 0
8 1 0.165384
8 2 0.307621
8 3 0.413274
8 4 0.471915
8 5 0.479914
8 6 0.439334
8 7 0.357314
8 8 0.246468
8 9 0.122864
8 10 0
9 0 0
9 1 0.192169
9 2 0.35711
9 3 0.478752
9 4 0.546131
9 5 0.556508
9 6 0.51217
9 7 0.419499
9 8 0.291134
9 9 0.14558
9 10 0
10 0 0
10 1 0.21645
10 2 0.401178
10 3 0.535709
10 4 0.60949
10 5 0.621515
10 6 0.574555
10 7 0.473789
10 8 0.330924
10 9 0.166081
10 10 0
11 0 0
11 1 0.237362
11 2 0.438354
11 3 0.582497
11 4 0.660415
11 5 0.673328
11 6 0.624637
11 7 0.518168
11 8 0.364105
11 9 0.18341
11 10 0
12 0 0
12 1 0.254632
12 2 0.468389
12 3 0.619263
12 4 0.69952
12 5 0.712711
12 6 0.662895
12 7 0.552608
12 8 0.390328
12 9 0.19728
12 10 0
13 0 0
13 1 0.268511
13 2 0.491979
13 3 0.647326
13 4 0.728661
13 5 0.741722
13 6 0.691159
13 7 0.578386
13 8 0.410266
13 9 0.207946
13 10 0
14 0 0
14 1 0.279655
14 2 0.510407
14 3 0.668532
14 4 0.750078
14 5 0.762754
14 6 0.71169
14 7 0.597343
14 8 0.425143
14 9 0.215988
14 10 0
15 0 0
15 1 0.289095
15 2 0.525323
15 3 0.684782
15 4 0.765785
15 5 0.777904
15 6 0.726607
15 7 0.611411
15 8 0.436433
15 9 0.222175
15 10 0
16 0 0
16 1 0.29852
16 2 0.538842
16 3 0.697747
16 4 0.777044
16 5 0.788483
16 6 0.737557
16 7 0.622579
16 8 0.445902
16 9 0.227594
16 10 0
17 0 0
17 1 0.311402
17 2 0.554279
17 3 0.708487
17 4 0.783307
17 5 0.793986
17 6 0.745516
17 7 0.633153
17 8 0.456908
17 9 0.234113
17 10 0
18 0 0
18 1 0.336866
18 2 0.578179
18 3 0.716344
18 4 0.779207
18 5 0.789093
18 6 0.749025
18 7 0.648991
18 8 0.475599
18 9 0.24942
18 10 0
19 0 0
19 1 0.403908
19 2 0.625754
19 3 0.710848
19 4 0.749731
19 5 0.757576
19 6 0.73542
19 7 0.673208
19 8 0.545392
19 9 0.283039
19 10 0
20 0 0
20 1 0.666667
20 2 0.666667
20 3 0.666667
20 4 0.666667
20 5 0.666667
20 6 0.666667
20 7 0.666667
20 8 0.666667
20 9 0.666667
20 10 0
