0 0 0
0 1 0
0 2 0
0 3 0
0 4 0
0 5 0
0 6 0
0 7 0
0 8 0
0 9 0
0 10 0
1 0 0
1 1 0.0306043
1 2 0.056169
1 3 0.0746669
1 4 0.0844292
1 5 0.0848424
1 6 0.0766333
1 7 0.0616724
1 8 0.0424188
1 9 0.0212566
1 10 0
2 0 0
2 1 0.0624883
2 2 0.115384
2 3 0.154354
2 4 0.175544
2 5 0.177253
2 6 0.160631
2 7 0.12942
2 8 0.0889107
2 9 0.0444356
2 10 0
3 0 0
3 1 0.0959256
3 2 0.178136
3 3 0.239641
3 4 0.273992
3 5 0.2781
3 6 0.253189
3 7 0.20461
3 8 0.140639
3 9 0.0701733
3 10 0
4 0 0
4 1 0.130076
4 2 0.242407
4 3 0.327033
4 4 0.375029
4 5 0.382244
4 6 0.349839
4 7 0.284107
4 8 0.195821
4 9 0.0977068
4 10 0
5 0 0
5 1 0.163338
5 2 0.304613
5 3 0.410725
5 4 0.471024
5 5 0.481287
5 6 0.442786
5 7 0.361853
5 8 0.250605
5 9 0.125255
5 10 0
6 0 0
6 1 0.193935
6 2 0.361016
6 3 0.485088
6 4 0.554933
6 5 0.567502
6 6 0.52452
6 7 0.431561
6 8 0.300693
6 9 0.150741
6 10 0
7 0 0
7 1 0.220474
7 2 0.408965
7 3 0.546637
7 4 0.622868
7 5 0.636736
7 6 0.59071
7 7 0.489141
7 8 0.342961
7 9 0.172549
7 10 0
8 0 0
8 1 0.242265
8 2 0.447447
8 3 0.594599
8 4 0.674517
8 5 0.688818
8 6 0.640811
8 7 0.533522
8 8 0.376217
8 9 0.189953
8 10 0
9 0 0
9 1 0.259327
9 2 0.476899
9 3 0.630259
9 4 0.711987
9 5 0.726166
9 6 0.676877
9 7 0.565954
9 8 0.400958
9 9 0.203064
9 10 0
10 0 0
10 1 0.272191
10 2 0.498645
10 3 0.655903
10 4 0.738326
10 5 0.752114
10 6 0.701976
10 7 0.588784
10 8 0.418623
10 9 0.212523
10 10 0
11 0 0
11 1 0.281648
11 2 0.514339
11 3 0.673983
11 4 0.75652
11 5 0.769834
11 6 0.719112
11 7 0.604495
11 8 0.430907
11 9 0.219152
11 10 0
12 0 0
12 1 0.288545
12 2 0.525594
12 3 0.686677
12 4 0.769052
12 5 0.781898
12 6 0.730754
12 7 0.615223
12 8 0.439358
12 9 0.223738
12 10 0
13 0 0
13 1 0.293688
13 2 0.533831
13 3 0.69575
13 4 0.777817
13 5 0.790222
13 6 0.73876
13 7 0.622628
13 8 0.445228
13 9 0.226938
13 10 0
14 0 0
14 1 0.29785
14 2 0.540288
14 3 0.702581
14 4 0.784183
14 5 0.796153
14 6 0.744463
14 7 0.627958
14 8 0.449501
14 9 0.229287
14 10 0
15 0 0
15 1 0.301913
15 2 0.546165
15 3 0.708242
15 4 0.789033
15 5 0.800526
15 6 0.748782
15 7 0.632194
15 8 0.453049
15 9 0.231282
15 10 0
16 0 0
16 1 0.307288
16 2 0.552985
16 3 0.713523
16 4 0.792556
16 5 0.803499
16 6 0.752249
16 7 0.636367
16 8 0.456962
16 9 0.233672
16 10 0
17 0 0
17 1 0.317138
17 2 0.563474
17 3 0.718691
17 4 0.793308
17 5 0.80363
17 6 0.754914
17 7 0.641959
17 8 0.463981
17 9 0.23801
17 10 0
18 0 0
18 1 0.340299
18 2 0.583653
18 3 0.722427
18 4 0.785191
18 5 0.794854
18 6 0.754591
18 7 0.654163
18 8 0.479747
18 9 0.251713
18 10 0
19 0 0
19 1 0.405503
19 2 0.628289
19 3 0.713695
19 4 0.752565
19 5 0.760307
19 6 0.738027
19 7 0.675585
19 8 0.547281
19 9 0.28409
19 10 0
20 0 0
20 1 0.666667
20 2 0.666667
20 3 0.666667
20 4 0.666667
20 5 0.666667
20 6 0.666667
20 7 0.666667
20 8 0.666667
20 9 0.666667
20 10 0
