0 0 0
0 1 0
0 2 0
0 3 0
0 4 0
0 5 0
0 6 0
0 7 0
0 8 0
0 9 0
0 10 0
1 0 0
1 1 0.0019751
1 2 0.00345882
1 3 0.00434363
1 4 0.00464522
1 5 0.00444996
1 6 0.00387585
1 7 0.00304517
1 8 0.00206741
1 9 0.00103077
1 10 0
2 0 0
2 1 0.00425974
2 2 0.00747161
2 3 0.0094002
2 4 0.0100698
2 5 0.00965899
2 6 0.00841975
2 7 0.00661771
2 8 0.00449305
2 9 0.00223986
2 10 0
3 0 0
3 1 0.00719587
3 2 0.0126538
3 3 0.0159674
3 4 0.0171515
3 5 0.0164866
3 6 0.0143912
3 7 0.0113187
3 8 0.0076858
3 9 0.00383096
3 10 0
4 0 0
4 1 0.0111897
4 2 0.0197471
4 3 0.0250217
4 4 0.0269802
4 5 0.0260117
4 6 0.0227495
4 7 0.0179095
4 8 0.0121636
4 9 0.0060617
4 10 0
5 0 0
5 1 0.0167357
5 2 0.0296723
5 3 0.0378024
5 4 0.0409655
5 5 0.039649
5 6 0.034764
5 7 0.0274007
5 8 0.0186135
5 9 0.00927308
5 10 0
6 0 0
6 1 0.0244213
6 2 0.043551
6 3 0.0558589
6 4 0.0609103
6 5 0.05924
6 6 0.0521047
6 7 0.041129
6 8 0.0279439
6 9 0.0139145
6 10 0
7 0 0
7 1 0.034897
7 2 0.0626618
7 3 0.0810121
7 4 0.0889916
7 5 0.0870566
7 6 0.0768636
7 7 0.0607808
7 8 0.0413019
7 9 0.0205514
7 10 0
8 0 0
8 1 0.0487912
8 2 0.0882839
8 3 0.115147
8 4 0.127536
8 5 0.125598
8 6 0.111396
8 7 0.0882838
8 8 0.0600055
8 9 0.0298318
8 10 0
9 0 0
9 1 0.0665615
9 2 0.121391
9 3 0.159757
9 4 0.178464
9 5 0.177027
9 6 0.157837
9 7 0.125452
9 8 0.0853191
9 9 0.042379
9 10 0
10 0 0
10 1 0.0883016
10 2 0.16222
10 3 0.215241
10 4 0.242373
10 5 0.242178
10 6 0.217212
10 7 0.173307
10 8 0.118027
10 9 0.0585916
10 10 0
11 0 0
11 1 0.113571
11 2 0.20986
11 3 0.280194
11 4 0.317541
11 5 0.319412
11 6 0.288333
11 7 0.231218
11 8 0.157875
11 9 0.0783853
11 10 0
12 0 0
12 1 0.141349
12 2 0.262114
12 3 0.351138
12 4 0.399518
12 5 0.404057
12 6 0.367166
12 7 0.296301
12 8 0.20316
12 9 0.100995
12 10 0
13 0 0
13 1 0.170192
13 2 0.315849
13 3 0.423132
13 4 0.481949
13 5 0.489248
13 6 0.447433
13 7 0.363733
13 8 0.25083
13 9 0.125006
13 10 0
14 0 0
14 1 0.198618
14 2 0.367829
14 3 0.491153
14 4 0.558475
14 5 0.568045
14 6 0.522525
14 7 0.428129
14 8 0.297292
14 9 0.148707
14 10 0
15 0 0
15 1 0.225635
15 2 0.415716
15 3 0.551541
15 4 0.624561
15 5 0.635534
15 6 0.587614
15 7 0.48532
15 8 0.339624
15 9 0.170656
15 10 0
16 0 0
16 1 0.251446
16 2 0.458962
16 3 0.602697
16 4 0.678037
16 5 0.689484
16 6 0.640631
16 7 0.53365
16 8 0.376666
16 9 0.190371
16 10 0
17 0 0
17 1 0.278751
17 2 0.49974
17 3 0.644689
17 4 0.717723
17 5 0.728892
17 6 0.681812
17 7 0.574304
17 8 0.410592
17 9 0.208989
17 10 0
18 0 0
18 1 0.316567
18 2 0.544715
18 3 0.677553
18 4 0.739529
18 5 0.749924
18 6 0.710917
18 7 0.613838
18 8 0.447757
18 9 0.234191
18 10 0
19 0 0
19 1 0.394269
19 2 0.610016
19 3 0.692553
19 4 0.730916
19 5 0.73903
19 6 0.717574
19 7 0.656975
19 8 0.532583
19 9 0.275955
19 10 0
20 0 0
20 1 0.666667
20 2 0.666667
20 3 0.666667
20 4 0.666667
20 5 0.666667
20 6 0.666667
20 7 0.666667
20 8 0.666667
20 9 0.666667
20 10 0
