0 0 0
0 1 0
0 2 0
0 3 0
0 4 0
0 5 0
0 6 0
0 7 0
0 8 0
0 9 0
0 10 0
1 0 0
1 1 0.0280295
1 2 0.0512964
1 3 0.0679501
1 4 0.0765565
1 5 0.0766743
1 6 0.0690637
1 7 0.0554693
1 8 0.038107
1 9 0.0190863
1 10 0
2 0 0
2 1 0.0574417
2 2 0.105773
2 3 0.141028
2 4 0.159837
2 5 0.160859
2 6 0.145351
2 7 0.116855
2 8 0.0801781
2 9 0.0400545
2 10 0
3 0 0
3 1 0.0887239
3 2 0.164385
3 3 0.220559
3 4 0.25146
3 5 0.25446
3 6 0.230978
3 7 0.186195
3 8 0.12778
3 9 0.0637221
3 10 0
4 0 0
4 1 0.121306
4 2 0.22573
4 3 0.304065
4 4 0.348051
4 5 0.353887
4 6 0.322939
4 7 0.261509
4 8 0.17987
4 9 0.0896688
4 10 0
5 0 0
5 1 0.153796
5 2 0.286675
5 3 0.386427
5 4 0.442856
5 5 0.451748
5 6 0.414486
5 7 0.337667
5 8 0.233253
5 9 0.116432
5 10 0
6 0 0
6 1 0.184459
6 2 0.343515
6 3 0.461945
6 4 0.528625
6 5 0.540089
6 6 0.498017
6 7 0.408469
6 8 0.283792
6 9 0.142039
6 10 0
7 0 0
7 1 0.211761
7 2 0.393219
7 3 0.526396
7 4 0.600392
7 5 0.613531
7 6 0.568106
7 7 0.469067
7 8 0.327958
7 9 0.164717
7 10 0
8 0 0
8 1 0.234756
8 2 0.434183
8 3 0.578043
8 4 0.656575
8 5 0.670491
8 6 0.622859
8 7 0.517306
8 8 0.36386
8 9 0.183415
8 10 0
9 0 0
9 1 0.253191
9 2 0.466296
9 3 0.617383
9 4 0.698353
9 5 0.712391
9 6 0.663336
9 7 0.553552
9 8 0.39135
9 9 0.197922
9 10 0
10 0 0
10 1 0.26739
10 2 0.490506
10 3 0.646253
10 4 0.728316
10 5 0.742104
10 6 0.692119
10 7 0.579661
10 8 0.411465
10 9 0.208655
10 10 0
11 0 0
11 1 0.278016
11 2 0.50828
11 3 0.666943
11 4 0.749343
11 5 0.762724
11 6 0.712108
11 7 0.597964
11 8 0.425734
11 9 0.216337
11 10 0
12 0 0
12 1 0.28587
12 2 0.521189
12 3 0.681641
12 4 0.763991
12 5 0.776924
12 6 0.725858
12 7 0.610635
12 8 0.4357
12 9 0.221738
12 10 0
13 0 0
13 1 0.29176
13 2 0.530688
13 3 0.692202
13 4 0.774292
13 5 0.786782
13 6 0.735377
13 7 0.619449
13 8 0.442681
13 9 0.225541
13 10 0
14 0 0
14 1 0.296486
14 2 0.538081
14 3 0.700115
14 4 0.781755
14 5 0.793797
14 6 0.742149
14 7 0.62578
14 8 0.447751
14 9 0.228325
14 10 0
15 0 0
15 1 0.300965
15 2 0.544642
15 3 0.706553
15 4 0.787381
15 5 0.798931
15 6 0.747219
15 7 0.630721
15 8 0.451863
15 9 0.230629
15 10 0
16 0 0
16 1 0.306646
16 2 0.551958
16 3 0.712389
16 4 0.791453
16 5 0.802437
16 6 0.75121
16 7 0.635389
16 8 0.456173
16 9 0.233237
16 10 0
17 0 0
17 1 0.31672
17 2 0.562808
17 3 0.717958
17 4 0.792595
17 5 0.802945
17 6 0.754247
17 7 0.641332
17 8 0.463476
17 9 0.237731
17 10 0
18 0 0
18 1 0.340049
18 2 0.583257
18 3 0.72199
18 4 0.784763
18 5 0.794442
18 6 0.754194
18 7 0.653793
18 8 0.47945
18 9 0.251548
18 10 0
19 0 0
19 1 0.405387
19 2 0.628106
19 3 0.71349
19 4 0.752362
19 5 0.760112
19 6 0.73784
19 7 0.675414
19 8 0.547145
19 9 0.284015
19 10 0
20 0 0
20 1 0.666667
20 2 0.666667
20 3 0.666667
20 4 0.666667
20 5 0.666667
20 6 0.666667
20 7 0.666667
20 8 0.666667
20 9 0.666667
20 10 0
