0 0 0
0 1 0
0 2 0
0 3 0
0 4 0
0 5 0
0 6 0
0 7 0
0 8 0
0 9 0
0 10 0
1 0 0
1 1 0.0305939
1 2 0.0561493
1 3 0.0746397
1 4 0.0843972
1 5 0.0848091
1 6 0.0766024
1 7 0.061647
1 8 0.0424011
1 9 0.0212477
1 10 0
2 0 0
2 1 0.062468
2 2 0.115345
2 3 0.1543
2 4 0.17548
2 5 0.177187
2 6 0.160569
2 7 0.129369
2 8 0.088875
2 9 0.0444177
2 10 0
3 0 0
3 1 0.0958968
3 2 0.178081
3 3 0.239564
3 4 0.273902
3 5 0.278005
3 6 0.253099
3 7 0.204536
3 8 0.140587
3 9 0.0701471
3 10 0
4 0 0
4 1 0.130041
4 2 0.242341
4 3 0.326941
4 4 0.374922
4 5 0.382131
4 6 0.349732
4 7 0.284017
4 8 0.195757
4 9 0.0976745
4 10 0
5 0 0
5 1 0.1633
5 2 0.304543
5 3 0.41063
5 4 0.470914
5 5 0.481171
5 6 0.442674
5 7 0.361758
5 8 0.250536
5 9 0.12522
5 10 0
6 0 0
6 1 0.193898
6 2 0.360948
6 3 0.484998
6 4 0.554832
6 5 0.567395
6 6 0.524417
6 7 0.431471
6 8 0.300627
6 9 0.150706
6 10 0
7 0 0
7 1 0.220441
7 2 0.408904
7 3 0.546559
7 4 0.622782
7 5 0.636647
7 6 0.590623
7 7 0.489064
7 8 0.342903
7 9 0.172519
7 10 0
8 0 0
8 1 0.242236
8 2 0.447396
8 3 0.594536
8 4 0.674449
8 5 0.688749
8 6 0.640743
8 7 0.53346
8 8 0.37617
8 9 0.189928
8 10 0
9 0 0
9 1 0.259303
9 2 0.476858
9 3 0.63021
9 4 0.711935
9 5 0.726114
9 6 0.676826
9 7 0.565907
9 8 0.400921
9 9 0.203045
9 10 0
10 0 0
10 1 0.272173
10 2 0.498615
10 3 0.655866
10 4 0.738288
10 5 0.752076
10 6 0.701939
10 7 0.58875
10 8 0.418596
10 9 0.212508
10 10 0
11 0 0
11 1 0.281635
11 2 0.514317
11 3 0.673957
11 4 0.756493
11 5 0.769807
11 6 0.719086
11 7 0.604471
11 8 0.430888
11 9 0.219141
11 10 0
12 0 0
12 1 0.288535
12 2 0.525578
12 3 0.686659
12 4 0.769033
12 5 0.781879
12 6 0.730736
12 7 0.615206
12 8 0.439344
12 9 0.22373
12 10 0
13 0 0
13 1 0.293681
13 2 0.53382
13 3 0.695737
13 4 0.777803
13 5 0.790209
13 6 0.738748
13 7 0.622616
13 8 0.445218
13 9 0.226933
13 10 0
14 0 0
14 1 0.297845
14 2 0.540279
14 3 0.702571
14 4 0.784174
14 5 0.796144
14 6 0.744454
14 7 0.62795
14 8 0.449495
14 9 0.229284
14 10 0
15 0 0
15 1 0.301909
15 2 0.546159
15 3 0.708236
15 4 0.789026
15 5 0.80052
15 6 0.748777
15 7 0.632189
15 8 0.453045
15 9 0.23128
15 10 0
16 0 0
16 1 0.307286
16 2 0.552981
16 3 0.713518
16 4 0.792552
16 5 0.803495
16 6 0.752245
16 7 0.636364
16 8 0.456959
16 9 0.23367
16 10 0
17 0 0
17 1 0.317137
17 2 0.563471
17 3 0.718689
17 4 0.793305
17 5 0.803628
17 6 0.754912
17 7 0.641956
17 8 0.463979
17 9 0.238008
17 10 0
18 0 0
18 1 0.340298
18 2 0.583651
18 3 0.722426
18 4 0.78519
18 5 0.794852
18 6 0.75459
18 7 0.654161
18 8 0.479746
18 9 0.251712
18 10 0
19 0 0
19 1 0.405503
19 2 0.628288
19 3 0.713694
19 4 0.752564
19 5 0.760307
19 6 0.738026
19 7 0.675584
19 8 0.54728
19 9 0.28409
19 10 0
20 0 0
20 1 0.666667
20 2 0.666667
20 3 0.666667
20 4 0.666667
20 5 0.666667
20 6 0.666667
20 7 0.666667
20 8 0.666667
20 9 0.666667
20 10 0
