0 0 0
0 1 0
0 2 0
0 3 0
0 4 0
0 5 0
0 6 0
0 7 0
0 8 0
0 9 0
0 10 0
1 0 0
1 1 0.0305721
1 2 0.056108
1 3 0.0745826
1 4 0.0843301
1 5 0.0847393
1 6 0.0765376
1 7 0.0615938
1 8 0.0423641
1 9 0.021229
1 10 0
2 0 0
2 1 0.0624254
2 2 0.115264
2 3 0.154187
2 4 0.175347
2 5 0.177048
2 6 0.160438
2 7 0.129261
2 8 0.0888003
2 9 0.0443802
2 10 0
3 0 0
3 1 0.0958364
3 2 0.177966
3 3 0.239404
3 4 0.273712
3 5 0.277805
3 6 0.252912
3 7 0.20438
3 8 0.140478
3 9 0.0700922
3 10 0
4 0 0
4 1 0.129968
4 2 0.242202
4 3 0.32675
4 4 0.374698
4 5 0.381895
4 6 0.349507
4 7 0.283827
4 8 0.195623
4 9 0.0976068
4 10 0
5 0 0
5 1 0.163221
5 2 0.304395
5 3 0.41043
5 4 0.470682
5 5 0.480928
5 6 0.442441
5 7 0.361557
5 8 0.250392
5 9 0.125147
5 10 0
6 0 0
6 1 0.19382
6 2 0.360805
6 3 0.484809
6 4 0.554618
6 5 0.567173
6 6 0.524202
6 7 0.431283
6 8 0.300488
6 9 0.150635
6 10 0
7 0 0
7 1 0.22037
7 2 0.408777
7 3 0.546396
7 4 0.622601
7 5 0.636461
7 6 0.590441
7 7 0.488902
7 8 0.342781
7 9 0.172455
7 10 0
8 0 0
8 1 0.242176
8 2 0.447289
8 3 0.594404
8 4 0.674306
8 5 0.688603
8 6 0.6406
8 7 0.53333
8 8 0.376071
8 9 0.189875
8 10 0
9 0 0
9 1 0.259254
9 2 0.476774
9 3 0.630108
9 4 0.711827
9 5 0.726005
9 6 0.676719
9 7 0.565808
9 8 0.400845
9 9 0.203004
9 10 0
10 0 0
10 1 0.272135
10 2 0.49855
10 3 0.65579
10 4 0.738209
10 5 0.751997
10 6 0.701861
10 7 0.588678
10 8 0.418539
10 9 0.212477
10 10 0
11 0 0
11 1 0.281606
11 2 0.514269
11 3 0.673901
11 4 0.756437
11 5 0.769751
11 6 0.719031
11 7 0.604419
11 8 0.430847
11 9 0.219119
11 10 0
12 0 0
12 1 0.288514
12 2 0.525543
12 3 0.686619
12 4 0.768993
12 5 0.78184
12 6 0.730698
12 7 0.61517
12 8 0.439315
12 9 0.223714
12 10 0
13 0 0
13 1 0.293666
13 2 0.533795
13 3 0.695709
13 4 0.777776
13 5 0.790182
13 6 0.738721
13 7 0.622591
13 8 0.445198
13 9 0.226922
13 10 0
14 0 0
14 1 0.297835
14 2 0.540262
14 3 0.702552
14 4 0.784155
14 5 0.796126
14 6 0.744436
14 7 0.627933
14 8 0.449481
14 9 0.229276
14 10 0
15 0 0
15 1 0.301902
15 2 0.546147
15 3 0.708222
15 4 0.789013
15 5 0.800507
15 6 0.748764
15 7 0.632177
15 8 0.453036
15 9 0.231274
15 10 0
16 0 0
16 1 0.307281
16 2 0.552973
16 3 0.713509
16 4 0.792543
16 5 0.803487
16 6 0.752237
16 7 0.636356
16 8 0.456953
16 9 0.233667
16 10 0
17 0 0
17 1 0.317133
17 2 0.563466
17 3 0.718683
17 4 0.7933
17 5 0.803623
17 6 0.754907
17 7 0.641951
17 8 0.463975
17 9 0.238006
17 10 0
18 0 0
18 1 0.340296
18 2 0.583648
18 3 0.722422
18 4 0.785186
18 5 0.794849
18 6 0.754587
18 7 0.654158
18 8 0.479744
18 9 0.251711
18 10 0
19 0 0
19 1 0.405502
19 2 0.628287
19 3 0.713692
19 4 0.752563
19 5 0.760305
19 6 0.738025
19 7 0.675583
19 8 0.547279
19 9 0.284089
19 10 0
20 0 0
20 1 0.666667
20 2 0.666667
20 3 0.666667
20 4 0.666667
20 5 0.666667
20 6 0.666667
20 7 0.666667
20 8 0.666667
20 9 0.666667
20 10 0
