0 0 0
0 1 0
0 2 0
0 3 0
0 4 0
0 5 0
0 6 0
0 7 0
0 8 0
0 9 0
0 10 0
1 0 0
1 1 0.0305844
1 2 0.0561313
1 3 0.0746148
1 4 0.0843679
1 5 0.0847786
1 6 0.0765741
1 7 0.0616238
1 8 0.042385
1 9 0.0212395
1 10 0
2 0 0
2 1 0.0624494
2 2 0.11531
2 3 0.154251
2 4 0.175422
2 5 0.177126
2 6 0.160512
2 7 0.129322
2 8 0.0888424
2 9 0.0444013
2 10 0
3 0 0
3 1 0.0958704
3 2 0.178031
3 3 0.239494
3 4 0.273819
3 5 0.277918
3 6 0.253017
3 7 0.204468
3 8 0.140539
3 9 0.0701232
3 10 0
4 0 0
4 1 0.130009
4 2 0.24228
4 3 0.326858
4 4 0.374824
4 5 0.382028
4 6 0.349634
4 7 0.283934
4 8 0.195698
4 9 0.0976449
4 10 0
5 0 0
5 1 0.163266
5 2 0.304478
5 3 0.410543
5 4 0.470813
5 5 0.481065
5 6 0.442572
5 7 0.36167
5 8 0.250473
5 9 0.125188
5 10 0
6 0 0
6 1 0.193864
6 2 0.360886
6 3 0.484915
6 4 0.554738
6 5 0.567298
6 6 0.524323
6 7 0.431389
6 8 0.300566
6 9 0.150675
6 10 0
7 0 0
7 1 0.22041
7 2 0.408849
7 3 0.546488
7 4 0.622703
7 5 0.636566
7 6 0.590544
7 7 0.488993
7 8 0.34285
7 9 0.172491
7 10 0
8 0 0
8 1 0.24221
8 2 0.447349
8 3 0.594478
8 4 0.674386
8 5 0.688685
8 6 0.64068
8 7 0.533403
8 8 0.376127
8 9 0.189905
8 10 0
9 0 0
9 1 0.259282
9 2 0.476821
9 3 0.630166
9 4 0.711888
9 5 0.726067
9 6 0.676779
9 7 0.565864
9 8 0.400888
9 9 0.203027
9 10 0
10 0 0
10 1 0.272156
10 2 0.498586
10 3 0.655833
10 4 0.738254
10 5 0.752042
10 6 0.701905
10 7 0.588718
10 8 0.418571
10 9 0.212495
10 10 0
11 0 0
11 1 0.281622
11 2 0.514296
11 3 0.673932
11 4 0.756469
11 5 0.769783
11 6 0.719062
11 7 0.604448
11 8 0.43087
11 9 0.219131
11 10 0
12 0 0
12 1 0.288526
12 2 0.525563
12 3 0.686641
12 4 0.769016
12 5 0.781862
12 6 0.730719
12 7 0.61519
12 8 0.439332
12 9 0.223723
12 10 0
13 0 0
13 1 0.293674
13 2 0.533809
13 3 0.695725
13 4 0.777791
13 5 0.790197
13 6 0.738736
13 7 0.622605
13 8 0.44521
13 9 0.226928
13 10 0
14 0 0
14 1 0.297841
14 2 0.540272
14 3 0.702563
14 4 0.784166
14 5 0.796136
14 6 0.744446
14 7 0.627943
14 8 0.449489
14 9 0.229281
14 10 0
15 0 0
15 1 0.301906
15 2 0.546154
15 3 0.70823
15 4 0.789021
15 5 0.800514
15 6 0.748771
15 7 0.632184
15 8 0.453041
15 9 0.231277
15 10 0
16 0 0
16 1 0.307283
16 2 0.552977
16 3 0.713514
16 4 0.792548
16 5 0.803491
16 6 0.752241
16 7 0.63636
16 8 0.456956
16 9 0.233669
16 10 0
17 0 0
17 1 0.317135
17 2 0.563469
17 3 0.718686
17 4 0.793303
17 5 0.803626
17 6 0.75491
17 7 0.641954
17 8 0.463977
17 9 0.238007
17 10 0
18 0 0
18 1 0.340297
18 2 0.58365
18 3 0.722424
18 4 0.785188
18 5 0.794851
18 6 0.754588
18 7 0.65416
18 8 0.479745
18 9 0.251711
18 10 0
19 0 0
19 1 0.405502
19 2 0.628288
19 3 0.713693
19 4 0.752564
19 5 0.760306
19 6 0.738026
19 7 0.675583
19 8 0.54728
19 9 0.28409
19 10 0
20 0 0
20 1 0.666667
20 2 0.666667
20 3 0.666667
20 4 0.666667
20 5 0.666667
20 6 0.666667
20 7 0.666667
20 8 0.666667
20 9 0.666667
20 10 0
