0 0 0
0 1 0
0 2 0
0 3 0
0 4 0
0 5 0
0 6 0
0 7 0
0 8 0
0 9 0
0 10 0
1 0 0
1 1 0.0250789
1 2 0.0457378
1 3 0.06033
1 4 0.067679
1 5 0.0675194
1 6 0.0606261
1 7 0.048585
1 8 0.0333356
1 9 0.0166881
1 10 0
2 0 0
2 1 0.051619
2 2 0.0947257
2 3 0.12578
2 4 0.141956
2 5 0.142302
2 6 0.128158
2 7 0.102788
2 8 0.0704344
2 9 0.0351738
2 10 0
3 0 0
3 1 0.0803188
3 2 0.148368
3 3 0.198381
3 4 0.225354
3 5 0.227203
3 6 0.205525
3 7 0.165224
3 8 0.113205
3 9 0.0564271
3 10 0
4 0 0
4 1 0.110912
4 2 0.205953
4 3 0.276794
4 4 0.316025
4 5 0.320331
4 6 0.291307
4 7 0.235139
4 8 0.16138
4 9 0.0803846
4 10 0
5 0 0
5 1 0.142278
5 2 0.264947
5 3 0.356852
5 4 0.408463
5 5 0.415729
5 6 0.380187
5 7 0.308613
5 8 0.212584
5 9 0.105975
5 10 0
6 0 0
6 1 0.172794
6 2 0.321843
6 3 0.433056
6 4 0.495588
6 5 0.505643
6 6 0.464899
6 7 0.379888
6 8 0.263074
6 9 0.131439
6 10 0
7 0 0
7 1 0.200827
7 2 0.373305
7 3 0.50054
7 4 0.571453
7 5 0.583592
7 6 0.53908
7 7 0.443529
7 8 0.30906
7 9 0.154918
7 10 0
8 0 0
8 1 0.225163
8 2 0.417097
8 3 0.556482
8 4 0.633007
8 5 0.646347
8 6 0.599298
8 7 0.496202
8 8 0.347926
8 9 0.175039
8 10 0
9 0 0
9 1 0.245233
9 2 0.452428
9 3 0.600365
9 4 0.680179
9 5 0.693968
9 6 0.645277
9 7 0.53713
9 8 0.37873
9 9 0.191205
9 10 0
10 0 0
10 1 0.261082
10 2 0.479733
10 3 0.633363
10 4 0.714841
10 5 0.728585
10 6 0.678834
10 7 0.567435
10 8 0.401933
10 9 0.20353
10 10 0
11 0 0
11 1 0.273198
11 2 0.500192
11 3 0.657471
11 4 0.739624
11 5 0.753066
11 6 0.702606
11 7 0.589144
11 8 0.418783
11 9 0.212569
11 10 0
12 0 0
12 1 0.282296
12 2 0.515274
12 3 0.674836
12 4 0.757115
12 5 0.770151
12 6 0.719194
12 7 0.604412
12 8 0.430756
12 9 0.219042
12 10 0
13 0 0
13 1 0.289172
13 2 0.526452
13 3 0.687398
13 4 0.769498
13 5 0.782094
13 6 0.73077
13 7 0.615129
13 8 0.439231
13 9 0.223652
13 10 0
14 0 0
14 1 0.294649
14 2 0.535102
14 3 0.696773
14 4 0.778455
14 5 0.79059
14 6 0.739001
14 7 0.622821
14 8 0.445379
14 9 0.227022
14 10 0
15 0 0
15 1 0.299688
15 2 0.542585
15 3 0.704266
15 4 0.785139
15 5 0.796762
15 6 0.745094
15 7 0.628721
15 8 0.450256
15 9 0.229744
15 10 0
16 0 0
16 1 0.305779
16 2 0.55057
16 3 0.710856
16 4 0.789958
16 5 0.800997
16 6 0.749802
16 7 0.634064
16 8 0.455107
16 9 0.232649
16 10 0
17 0 0
17 1 0.316156
17 2 0.561909
17 3 0.716967
17 4 0.791629
17 5 0.802018
17 6 0.753344
17 7 0.640485
17 8 0.462794
17 9 0.237354
17 10 0
18 0 0
18 1 0.339713
18 2 0.582722
18 3 0.721399
18 4 0.784184
18 5 0.793887
18 6 0.753658
18 7 0.653295
18 8 0.47905
18 9 0.251327
18 10 0
19 0 0
19 1 0.405231
19 2 0.627858
19 3 0.713213
19 4 0.752087
19 5 0.759848
19 6 0.737589
19 7 0.675185
19 8 0.546963
19 9 0.283913
19 10 0
20 0 0
20 1 0.666667
20 2 0.666667
20 3 0.666667
20 4 0.666667
20 5 0.666667
20 6 0.666667
20 7 0.666667
20 8 0.666667
20 9 0.666667
20 10 0
