0 0 0
0 1 0
0 2 0
0 3 0
0 4 0
0 5 0
0 6 0
0 7 0
0 8 0
0 9 0
0 10 0
1 0 0
1 1 0.00882818
1 2 0.0157177
1 3 0.0201391
1 4 0.0219622
1 5 0.0213897
1 6 0.0188636
1 7 0.0149444
1 8 0.0101946
1 9 0.00509396
1 10 0
2 0 0
2 1 0.0186841
2 2 0.0334078
2 3 0.0430107
2 4 0.0471043
2 5 0.0460199
2 6 0.0406552
2 7 0.032221
2 8 0.0219663
2 9 0.0109646
2 10 0
3 0 0
3 1 0.030523
3 2 0.0549054
3 3 0.0711708
3 4 0.0784263
3 5 0.0769795
3 6 0.0681956
3 7 0.0540974
3 8 0.0368604
3 9 0.0183772
3 10 0
4 0 0
4 1 0.0451656
4 2 0.0818268
4 3 0.10693
4 4 0.118712
4 5 0.117207
4 6 0.104224
4 7 0.082805
4 8 0.0564032
4 9 0.0280849
4 10 0
5 0 0
5 1 0.0631844
5 2 0.115342
5 3 0.15202
5 4 0.170129
5 5 0.16909
5 6 0.151059
5 7 0.120292
5 8 0.0819485
5 9 0.0407559
5 10 0
6 0 0
6 1 0.0847446
6 2 0.155812
6 3 0.207002
6 4 0.233442
6 5 0.233608
6 6 0.209829
6 7 0.167646
6 8 0.114313
6 9 0.0568033
6 10 0
7 0 0
7 1 0.109457
7 2 0.202436
7 3 0.270637
7 4 0.307139
7 5 0.309325
7 6 0.279501
7 7 0.224321
7 8 0.153284
7 9 0.0761567
7 10 0
8 0 0
8 1 0.136337
8 2 0.253128
8 3 0.339669
8 4 0.387077
8 5 0.391899
8 6 0.356317
8 7 0.287617
8 8 0.197249
8 9 0.0980877
8 10 0
9 0 0
9 1 0.16394
9 2 0.304834
9 3 0.409379
9 4 0.467248
9 5 0.474863
9 6 0.434359
9 7 0.352967
9 8 0.2433
9 9 0.121239
9 10 0
10 0 0
10 1 0.190664
10 2 0.354257
10 3 0.474858
10 4 0.541556
10 5 0.551596
10 6 0.507304
10 7 0.415184
10 8 0.287941
10 9 0.143925
10 10 0
11 0 0
11 1 0.215119
11 2 0.398686
11 3 0.532366
11 4 0.605616
11 5 0.617371
11 6 0.570413
11 7 0.470051
11 8 0.328105
11 9 0.164602
11 10 0
12 0 0
12 1 0.236404
12 2 0.436547
12 3 0.580064
12 4 0.657591
12 5 0.670287
12 6 0.621556
12 7 0.515334
12 8 0.361928
12 9 0.182254
12 10 0
13 0 0
13 1 0.25423
13 2 0.467517
13 3 0.617948
13 4 0.697878
13 5 0.710868
13 6 0.660983
13 7 0.550818
13 8 0.388933
13 9 0.196533
13 10 0
14 0 0
14 1 0.268899
14 2 0.492305
14 3 0.647262
14 4 0.728199
14 5 0.741023
14 6 0.690392
14 7 0.577687
14 8 0.409744
14 9 0.207675
14 10 0
15 0 0
15 1 0.281283
15 2 0.512374
15 3 0.669844
15 4 0.750657
15 5 0.763002
15 6 0.711992
15 7 0.597824
15 8 0.425687
15 9 0.216334
15 10 0
16 0 0
16 1 0.29306
16 2 0.529903
16 3 0.687584
16 4 0.766875
16 5 0.778536
16 6 0.72781
16 7 0.613477
16 8 0.438655
16 9 0.223633
16 10 0
17 0 0
17 1 0.307777
17 2 0.548403
17 3 0.701869
17 4 0.776733
17 5 0.787591
17 6 0.73927
17 7 0.627318
17 8 0.452243
17 9 0.231552
17 10 0
18 0 0
18 1 0.334679
18 2 0.574659
18 3 0.712388
18 4 0.775274
18 5 0.785279
18 6 0.74533
18 7 0.645562
18 8 0.472856
18 9 0.247908
18 10 0
19 0 0
19 1 0.402887
19 2 0.624119
19 3 0.708995
19 4 0.747871
19 5 0.755771
19 6 0.733693
19 7 0.671634
19 8 0.544143
19 9 0.282345
19 10 0
20 0 0
20 1 0.666667
20 2 0.666667
20 3 0.666667
20 4 0.666667
20 5 0.666667
20 6 0.666667
20 7 0.666667
20 8 0.666667
20 9 0.666667
20 10 0
