0 0 0
0 1 0
0 2 0
0 3 0
0 4 0
0 5 0
0 6 0
0 7 0
0 8 0
0 9 0
0 10 0
1 0 0
1 1 0.0210272
1 2 0.0381522
1 3 0.0500111
1 4 0.0557544
1 5 0.0553179
1 6 0.0494566
1 7 0.0395188
1 8 0.0270722
1 9 0.0135447
1 10 0
2 0 0
2 1 0.0435505
2 2 0.0795018
2 3 0.104907
2 4 0.117657
2 5 0.117276
2 6 0.105138
2 7 0.0840639
2 8 0.0575148
2 9 0.0287124
2 10 0
3 0 0
3 1 0.0684911
3 2 0.12591
3 3 0.16741
3 4 0.189084
3 5 0.189586
3 6 0.170671
3 7 0.136717
3 8 0.0934959
3 9 0.0465856
3 10 0
4 0 0
4 1 0.0959754
4 2 0.177545
4 3 0.237623
4 4 0.270094
4 5 0.272442
4 6 0.246528
4 7 0.198154
4 8 0.135639
4 9 0.0675105
4 10 0
5 0 0
5 1 0.125304
5 2 0.23282
5 3 0.31291
5 4 0.357221
5 5 0.362194
5 6 0.32962
5 7 0.266254
5 8 0.182751
5 9 0.0909706
5 10 0
6 0 0
6 1 0.155126
6 2 0.288785
6 3 0.388571
6 4 0.444364
6 5 0.452231
6 6 0.413931
6 7 0.336442
6 8 0.231963
6 9 0.115643
6 10 0
7 0 0
7 1 0.183799
7 2 0.341985
7 3 0.459351
7 4 0.524891
7 5 0.535312
7 6 0.492579
7 7 0.403129
7 8 0.279555
7 9 0.13975
7 10 0
8 0 0
8 1 0.209828
8 2 0.389468
8 3 0.521108
8 4 0.593889
8 5 0.606121
8 6 0.560256
8 7 0.461641
8 8 0.322164
8 9 0.161614
8 10 0
9 0 0
9 1 0.23221
9 2 0.42947
9 3 0.571776
9 4 0.649284
9 5 0.662508
9 6 0.614566
9 7 0.509485
9 8 0.357727
9 9 0.180115
9 10 0
10 0 0
10 1 0.250557
10 2 0.461561
10 3 0.611321
10 4 0.691542
10 5 0.705101
10 6 0.655821
10 7 0.546431
10 8 0.385714
10 9 0.194867
10 10 0
11 0 0
11 1 0.265031
11 2 0.486352
11 3 0.641072
11 4 0.722629
11 5 0.736104
11 6 0.68595
11 7 0.57378
11 8 0.406764
11 9 0.20609
11 10 0
12 0 0
12 1 0.276165
12 2 0.505047
12 3 0.662956
12 4 0.745012
12 5 0.758179
12 6 0.707431
12 7 0.593477
12 8 0.422119
12 9 0.214352
12 10 0
13 0 0
13 1 0.284692
13 2 0.519076
13 3 0.678967
13 4 0.76103
13 5 0.773785
13 6 0.722608
13 7 0.607502
13 8 0.433163
13 9 0.22034
13 10 0
14 0 0
14 1 0.291451
14 2 0.529891
14 3 0.690893
14 4 0.772617
14 5 0.7849
14 6 0.733417
14 7 0.617586
14 8 0.441193
14 9 0.224729
14 10 0
15 0 0
15 1 0.297455
15 2 0.538976
15 3 0.700235
15 4 0.781173
15 5 0.79292
15 6 0.741328
15 7 0.625184
15 8 0.447418
15 9 0.228185
15 10 0
16 0 0
16 1 0.304262
16 2 0.548133
16 3 0.708154
16 4 0.787316
16 5 0.798448
16 6 0.74731
16 7 0.631722
16 8 0.453224
16 9 0.231613
16 10 0
17 0 0
17 1 0.315167
17 2 0.560329
17 3 0.715222
17 4 0.789927
17 5 0.800381
17 6 0.75175
17 7 0.63899
17 8 0.461591
17 9 0.236691
17 10 0
18 0 0
18 1 0.339122
18 2 0.581783
18 3 0.720359
18 4 0.783165
18 5 0.792908
18 6 0.752713
18 7 0.652416
18 8 0.478344
18 9 0.250937
18 10 0
19 0 0
19 1 0.404957
19 2 0.627424
19 3 0.712726
19 4 0.751604
19 5 0.759383
19 6 0.737146
19 7 0.674781
19 8 0.546642
19 9 0.283734
19 10 0
20 0 0
20 1 0.666667
20 2 0.666667
20 3 0.666667
20 4 0.666667
20 5 0.666667
20 6 0.666667
20 7 0.666667
20 8 0.666667
20 9 0.666667
20 10 0
