0 0 0
0 1 0
0 2 0
0 3 0
0 4 0
0 5 0
0 6 0
0 7 0
0 8 0
0 9 0
0 10 0
1 0 0
1 1 0.0151173
1 2 0.0272002
1 3 0.0352954
1 4 0.038961
1 5 0.03833
1 6 0.0340512
1 7 0.0270979
1 8 0.0185251
1 9 0.0092623
1 10 0
2 0 0
2 1 0.0316187
2 2 0.0572069
2 3 0.0746891
2 4 0.0828993
2 5 0.0818917
2 6 0.0729178
2 7 0.0580538
2 8 0.0396454
2 9 0.0197882
2 10 0
3 0 0
3 1 0.0505809
3 2 0.0921619
3 3 0.121274
3 4 0.135575
3 5 0.134688
3 6 0.120362
3 7 0.0959521
3 8 0.065481
3 9 0.0326267
3 10 0
4 0 0
4 1 0.0725975
4 2 0.133246
4 3 0.176753
4 4 0.199098
4 5 0.199071
4 6 0.17873
4 7 0.142828
4 8 0.0974796
4 9 0.0485014
4 10 0
5 0 0
5 1 0.0976367
5 2 0.180357
5 3 0.2409
5 4 0.273183
5 5 0.274891
5 6 0.248161
5 7 0.199051
5 8 0.136028
5 9 0.0676308
5 10 0
6 0 0
6 1 0.124981
6 2 0.231937
6 3 0.311222
6 4 0.354628
6 5 0.358827
6 6 0.325869
6 7 0.262714
6 8 0.180047
6 9 0.0895426
6 10 0
7 0 0
7 1 0.153327
7 2 0.285194
7 3 0.38333
7 4 0.437794
7 5 0.44482
7 6 0.406382
7 7 0.329684
7 8 0.226955
7 9 0.113045
7 10 0
8 0 0
8 1 0.181077
8 2 0.336778
8 3 0.452139
8 4 0.516273
8 5 0.525902
8 6 0.483132
8 7 0.394675
8 8 0.27326
8 9 0.136476
8 10 0
9 0 0
9 1 0.20672
9 2 0.383683
9 3 0.513377
9 4 0.584938
9 5 0.596524
9 6 0.550638
9 7 0.452946
9 8 0.315601
9 9 0.158169
9 10 0
10 0 0
10 1 0.229163
10 2 0.423933
10 3 0.564599
10 4 0.641191
10 5 0.653948
10 6 0.605972
10 7 0.501613
10 8 0.351691
10 9 0.176912
10 10 0
11 0 0
11 1 0.2479
11 2 0.456825
11 3 0.605332
11 4 0.684928
11 5 0.698175
11 6 0.648844
11 7 0.539958
11 8 0.380674
11 9 0.192164
11 10 0
12 0 0
12 1 0.262978
12 2 0.482727
12 3 0.636549
12 4 0.71769
12 5 0.730952
12 6 0.680735
12 7 0.568884
12 8 0.402901
12 9 0.203998
12 10 0
13 0 0
13 1 0.274869
13 2 0.502707
13 3 0.659974
13 4 0.741707
13 5 0.754697
13 6 0.703876
13 7 0.59011
13 8 0.419438
13 9 0.212891
13 10 0
14 0 0
14 1 0.284338
14 2 0.51819
14 3 0.677534
14 4 0.759213
14 5 0.771762
14 6 0.720527
14 7 0.605552
14 8 0.431627
14 9 0.21951
14 10 0
15 0 0
15 1 0.292439
15 2 0.530811
15 3 0.691031
15 4 0.772042
15 5 0.784028
15 6 0.732613
15 7 0.617019
15 8 0.440895
15 9 0.224611
15 10 0
16 0 0
16 1 0.300829
16 2 0.542592
16 3 0.701967
16 4 0.781227
16 5 0.792552
16 6 0.741541
16 7 0.62631
16 8 0.448885
16 9 0.229229
16 10 0
17 0 0
17 1 0.312921
17 2 0.556727
17 3 0.711222
17 4 0.786004
17 5 0.796598
17 6 0.748063
17 7 0.635537
17 8 0.458819
17 9 0.235164
17 10 0
18 0 0
18 1 0.337779
18 2 0.57964
18 3 0.717976
18 4 0.78082
18 5 0.79065
18 6 0.750532
18 7 0.65039
18 8 0.476719
18 9 0.250039
18 10 0
19 0 0
19 1 0.404333
19 2 0.626431
19 3 0.711611
19 4 0.750494
19 5 0.758313
19 6 0.736125
19 7 0.67385
19 8 0.545902
19 9 0.283323
19 10 0
20 0 0
20 1 0.666667
20 2 0.666667
20 3 0.666667
20 4 0.666667
20 5 0.666667
20 6 0.666667
20 7 0.666667
20 8 0.666667
20 9 0.666667
20 10 0
