0 0 0
0 1 0
0 2 0
0 3 0
0 4 0
0 5 0
0 6 0
0 7 0
0 8 0
0 9 0
0 10 0
1 0 0
1 1 0.0293523
1 2 0.0537973
1 3 0.0713934
1 4 0.0805869
1 5 0.0808502
1 6 0.0729287
1 7 0.0586334
1 8 0.0403048
1 9 0.0201922
1 10 0
2 0 0
2 1 0.0600383
2 2 0.110715
2 3 0.147873
2 4 0.167896
2 5 0.16926
2 6 0.15317
2 7 0.123277
2 8 0.0846378
2 9 0.0422911
2 10 0
3 0 0
3 1 0.0924389
3 2 0.171476
3 3 0.230394
3 4 0.263067
3 5 0.266624
3 6 0.242391
3 7 0.195644
3 8 0.134371
3 9 0.0670267
3 10 0
4 0 0
4 1 0.125845
4 2 0.234364
4 3 0.31596
4 4 0.362024
4 5 0.368563
4 6 0.336842
4 7 0.273168
4 8 0.188087
4 9 0.0938059
4 10 0
5 0 0
5 1 0.158754
5 2 0.296004
5 3 0.399079
5 4 0.457534
5 5 0.467137
5 6 0.429209
5 7 0.350225
5 8 0.242245
5 9 0.120999
5 10 0
6 0 0
6 1 0.189403
6 2 0.35266
6 3 0.474059
6 4 0.542416
6 5 0.554461
6 6 0.511896
6 7 0.420536
6 8 0.292605
6 9 0.14657
6 10 0
7 0 0
7 1 0.216326
7 2 0.401483
7 3 0.537042
7 4 0.612234
7 5 0.625763
7 6 0.580009
7 7 0.479617
7 8 0.335826
7 9 0.168818
7 10 0
8 0 0
8 1 0.238704
8 2 0.441171
8 3 0.586785
8 4 0.666067
8 5 0.680193
8 6 0.632355
8 7 0.525868
8 8 0.370371
8 9 0.186855
8 10 0
9 0 0
9 1 0.256428
9 2 0.471899
9 3 0.624202
9 4 0.705586
9 5 0.719704
9 6 0.67052
9 7 0.560122
9 8 0.396432
9 9 0.200638
9 10 0
10 0 0
10 1 0.269929
10 2 0.494817
10 3 0.651374
10 4 0.733636
10 5 0.747428
10 6 0.69736
10 7 0.584506
10 8 0.415261
10 9 0.210704
10 10 0
11 0 0
11 1 0.279941
11 2 0.511495
11 3 0.670684
11 4 0.753162
11 5 0.766509
11 6 0.715836
11 7 0.601437
11 8 0.428482
11 9 0.217831
11 10 0
12 0 0
12 1 0.287289
12 2 0.523529
12 3 0.684319
12 4 0.766685
12 5 0.779573
12 6 0.728465
12 7 0.613076
12 8 0.437645
12 9 0.2228
12 10 0
13 0 0
13 1 0.292784
13 2 0.532358
13 3 0.694089
13 4 0.776168
13 5 0.788614
13 6 0.737179
13 7 0.621141
13 8 0.444036
13 9 0.226284
13 10 0
14 0 0
14 1 0.297211
14 2 0.539254
14 3 0.701427
14 4 0.783047
14 5 0.795051
14 6 0.743381
14 7 0.626939
14 8 0.448682
14 9 0.228837
14 10 0
15 0 0
15 1 0.301469
15 2 0.545451
15 3 0.707451
15 4 0.78826
15 5 0.799779
15 6 0.748051
15 7 0.631505
15 8 0.452494
15 9 0.230976
15 10 0
16 0 0
16 1 0.306987
16 2 0.552503
16 3 0.712992
16 4 0.79204
16 5 0.803002
16 6 0.751763
16 7 0.635909
16 8 0.456592
16 9 0.233468
16 10 0
17 0 0
17 1 0.316942
17 2 0.563162
17 3 0.718348
17 4 0.792974
17 5 0.80331
17 6 0.754602
17 7 0.641665
17 8 0.463744
17 9 0.237879
17 10 0
18 0 0
18 1 0.340182
18 2 0.583467
18 3 0.722222
18 4 0.784991
18 5 0.794661
18 6 0.754405
18 7 0.653989
18 8 0.479608
18 9 0.251635
18 10 0
19 0 0
19 1 0.405449
19 2 0.628203
19 3 0.713599
19 4 0.75247
19 5 0.760215
19 6 0.737939
19 7 0.675505
19 8 0.547217
19 9 0.284055
19 10 0
20 0 0
20 1 0.666667
20 2 0.666667
20 3 0.666667
20 4 0.666667
20 5 0.666667
20 6 0.666667
20 7 0.666667
20 8 0.666667
20 9 0.666667
20 10 0
