0 0 0
0 1 0
0 2 0
0 3 0
0 4 0
0 5 0
0 6 0
0 7 0
0 8 0
0 9 0
0 10 0
1 0 0
1 1 0.030303
1 2 0.0555977
1 3 0.0738777
1 4 0.0835019
1 5 0.083878
1 6 0.0757375
1 7 0.060937
1 8 0.041907
1 9 0.0209988
1 10 0
2 0 0
2 1 0.0618993
2 2 0.114261
2 3 0.152794
2 4 0.173701
2 5 0.175326
2 6 0.15883
2 7 0.127936
2 8 0.0878776
2 9 0.0439169
2 10 0
3 0 0
3 1 0.0950889
3 2 0.176538
3 3 0.237421
3 4 0.271368
3 5 0.275341
3 6 0.250591
3 7 0.20245
3 8 0.139128
3 9 0.0694142
3 10 0
4 0 0
4 1 0.129063
4 2 0.240482
4 3 0.324384
4 4 0.371918
4 5 0.37897
4 6 0.346725
4 7 0.281483
4 8 0.193963
4 9 0.0967692
4 10 0
5 0 0
5 1 0.162244
5 2 0.30256
5 3 0.40795
5 4 0.467812
5 5 0.477917
5 6 0.439549
5 7 0.359077
5 8 0.248606
5 9 0.124236
5 10 0
6 0 0
6 1 0.192857
6 2 0.359031
6 3 0.482471
6 4 0.551966
6 5 0.564411
6 6 0.521525
6 7 0.428942
6 8 0.298768
6 9 0.149747
6 10 0
7 0 0
7 1 0.219491
7 2 0.407193
7 3 0.544368
7 4 0.620357
7 5 0.634146
7 6 0.588182
7 7 0.486888
7 8 0.34127
7 9 0.171664
7 10 0
8 0 0
8 1 0.241423
8 2 0.445965
8 3 0.592757
8 4 0.672528
8 5 0.686789
8 6 0.63882
8 7 0.531717
8 8 0.374837
8 9 0.189221
8 10 0
9 0 0
9 1 0.258643
9 2 0.47572
9 3 0.628834
9 4 0.710483
9 5 0.724649
9 6 0.675384
9 7 0.564582
9 8 0.399892
9 9 0.202493
9 10 0
10 0 0
10 1 0.271659
10 2 0.497745
10 3 0.654839
10 4 0.737226
10 5 0.751015
10 6 0.700893
10 7 0.58778
10 8 0.417833
10 9 0.212095
10 10 0
11 0 0
11 1 0.281247
11 2 0.513671
11 3 0.673209
11 4 0.755733
11 5 0.769055
11 6 0.718344
11 7 0.603778
11 8 0.430338
11 9 0.218842
11 10 0
12 0 0
12 1 0.28825
12 2 0.525109
12 3 0.686124
12 4 0.768498
12 5 0.781353
12 6 0.730218
12 7 0.61472
12 8 0.438956
12 9 0.223518
12 10 0
13 0 0
13 1 0.293476
13 2 0.533486
13 3 0.695361
13 4 0.77743
13 5 0.789845
13 6 0.73839
13 7 0.62228
13 8 0.444948
13 9 0.226785
13 10 0
14 0 0
14 1 0.2977
14 2 0.540045
14 3 0.70231
14 4 0.783917
14 5 0.795895
14 6 0.744209
14 7 0.627719
14 8 0.449309
14 9 0.229182
14 10 0
15 0 0
15 1 0.301809
15 2 0.545997
15 3 0.708057
15 4 0.788851
15 5 0.800351
15 6 0.748611
15 7 0.632032
15 8 0.452919
15 9 0.23121
15 10 0
16 0 0
16 1 0.307217
16 2 0.552872
16 3 0.713398
16 4 0.792435
16 5 0.803383
16 6 0.752135
16 7 0.63626
16 8 0.456875
16 9 0.233624
16 10 0
17 0 0
17 1 0.317092
17 2 0.563401
17 3 0.718611
17 4 0.793229
17 5 0.803555
17 6 0.754841
17 7 0.64189
17 8 0.463925
17 9 0.237979
17 10 0
18 0 0
18 1 0.340271
18 2 0.583609
18 3 0.722379
18 4 0.785144
18 5 0.794808
18 6 0.754548
18 7 0.654122
18 8 0.479715
18 9 0.251694
18 10 0
19 0 0
19 1 0.40549
19 2 0.628269
19 3 0.713672
19 4 0.752543
19 5 0.760286
19 6 0.738006
19 7 0.675566
19 8 0.547266
19 9 0.284082
19 10 0
20 0 0
20 1 0.666667
20 2 0.666667
20 3 0.666667
20 4 0.666667
20 5 0.666667
20 6 0.666667
20 7 0.666667
20 8 0.666667
20 9 0.666667
20 10 0
