0 0 0
0 1 0
0 2 0
0 3 0
0 4 0
0 5 0
0 6 0
0 7 0
0 8 0
0 9 0
0 10 0
1 0 0
1 1 0.00951987
1 2 0.0169708
1 3 0.0217778
1 4 0.0237839
1 5 0.0231916
1 6 0.0204703
1 7 0.0162259
1 8 0.0110716
1 9 0.00553258
1 10 0
2 0 0
2 1 0.0201198
2 2 0.0360271
2 3 0.0464629
2 4 0.0509682
2 5 0.0498612
2 6 0.0440899
2 7 0.0349615
2 8 0.0238393
2 9 0.0118994
2 10 0
3 0 0
3 1 0.0327858
3 2 0.0590727
3 3 0.07672
3 4 0.0846953
3 5 0.0832567
3 6 0.0738331
3 7 0.0586022
3 8 0.039936
3 9 0.0199088
3 10 0
4 0 0
4 1 0.0483342
4 2 0.0877212
4 3 0.114866
4 4 0.12777
4 5 0.126355
4 6 0.112489
4 7 0.089429
4 8 0.0609252
4 9 0.0303325
4 10 0
5 0 0
5 1 0.0672872
5 2 0.123043
5 3 0.162491
5 4 0.182194
5 5 0.181384
5 6 0.162252
5 7 0.129308
5 8 0.0881127
5 9 0.043816
5 10 0
6 0 0
6 1 0.0897123
6 2 0.165195
6 3 0.219835
6 4 0.248329
6 5 0.248904
6 6 0.223883
6 7 0.179054
6 8 0.122147
6 9 0.0606941
6 10 0
7 0 0
7 1 0.115094
7 2 0.213099
7 3 0.285223
7 4 0.32409
7 5 0.326851
7 6 0.295771
7 7 0.237677
7 8 0.162531
7 9 0.0807634
7 10 0
8 0 0
8 1 0.142329
8 2 0.264412
8 3 0.354993
8 4 0.404807
8 5 0.410287
8 6 0.373575
8 7 0.301995
8 8 0.207331
8 9 0.103142
8 10 0
9 0 0
9 1 0.169908
9 2 0.315954
9 3 0.424257
9 4 0.484273
9 5 0.492506
9 6 0.451098
9 7 0.367163
9 8 0.253423
9 9 0.126363
9 10 0
10 0 0
10 1 0.196244
10 2 0.364488
10 3 0.48826
10 4 0.556638
10 5 0.567158
10 6 0.522216
10 7 0.428075
10 8 0.297315
10 9 0.148729
10 10 0
11 0 0
11 1 0.220034
11 2 0.407525
11 3 0.543655
11 4 0.618065
11 5 0.630125
11 6 0.582736
11 7 0.480908
11 8 0.336162
11 9 0.168788
11 10 0
12 0 0
12 1 0.240505
12 2 0.44377
12 3 0.589048
12 4 0.667283
12 5 0.680129
12 6 0.631127
12 7 0.523912
12 8 0.368418
12 9 0.185671
12 10 0
13 0 0
13 1 0.257491
13 2 0.473145
13 3 0.62477
13 4 0.705083
13 5 0.718116
13 6 0.668063
13 7 0.557256
13 8 0.393887
13 9 0.199172
13 10 0
14 0 0
14 1 0.271384
14 2 0.496515
14 3 0.652248
14 4 0.733363
14 5 0.74617
14 6 0.695434
14 7 0.582324
14 8 0.413361
14 9 0.209622
14 10 0
15 0 0
15 1 0.283105
15 2 0.515409
15 3 0.673368
15 4 0.754247
15 5 0.766549
15 6 0.715471
15 7 0.60105
15 8 0.428231
15 9 0.217713
15 10 0
16 0 0
16 1 0.294342
16 2 0.53201
16 3 0.689992
16 4 0.769296
16 5 0.78091
16 6 0.730137
16 7 0.615647
16 8 0.440379
16 9 0.224573
16 10 0
17 0 0
17 1 0.308632
17 2 0.549793
17 3 0.703441
17 4 0.7783
17 5 0.789119
17 6 0.740764
17 7 0.628712
17 8 0.453356
17 9 0.232163
17 10 0
18 0 0
18 1 0.335196
18 2 0.575493
18 3 0.713329
18 4 0.776212
18 5 0.78619
18 6 0.746214
18 7 0.646382
18 8 0.473511
18 9 0.248269
18 10 0
19 0 0
19 1 0.403128
19 2 0.624507
19 3 0.709436
19 4 0.748315
19 5 0.756202
19 6 0.734106
19 7 0.67201
19 8 0.544442
19 9 0.282511
19 10 0
20 0 0
20 1 0.666667
20 2 0.666667
20 3 0.666667
20 4 0.666667
20 5 0.666667
20 6 0.666667
20 7 0.666667
20 8 0.666667
20 9 0.666667
20 10 0
