0 0 0
0 1 0
0 2 0
0 3 0
0 4 0
0 5 0
0 6 0
0 7 0
0 8 0
0 9 0
0 10 0
1 0 0
1 1 0.0305095
1 2 0.0559892
1 3 0.0744185
1 4 0.0841373
1 5 0.0845387
1 6 0.0763512
1 7 0.0614408
1 8 0.0422576
1 9 0.0211754
1 10 0
2 0 0
2 1 0.062303
2 2 0.115031
2 3 0.153863
2 4 0.174964
2 5 0.176647
2 6 0.160064
2 7 0.128953
2 8 0.0885854
2 9 0.0442723
2 10 0
3 0 0
3 1 0.0956625
3 2 0.177634
3 3 0.238943
3 4 0.273167
3 5 0.277232
3 6 0.252371
3 7 0.203931
3 8 0.140163
3 9 0.0699344
3 10 0
4 0 0
4 1 0.129757
4 2 0.241802
4 3 0.3262
4 4 0.374052
4 5 0.381215
4 6 0.34886
4 7 0.283282
4 8 0.195237
4 9 0.0974119
4 10 0
5 0 0
5 1 0.162994
5 2 0.303969
5 3 0.409854
5 4 0.470016
5 5 0.480229
5 6 0.441769
5 7 0.360981
5 8 0.249977
5 9 0.124935
5 10 0
6 0 0
6 1 0.193597
6 2 0.360393
6 3 0.484267
6 4 0.554003
6 5 0.566532
6 6 0.523581
6 7 0.43074
6 8 0.300089
6 9 0.150429
6 10 0
7 0 0
7 1 0.220166
7 2 0.408409
7 3 0.545926
7 4 0.622081
7 5 0.635924
7 6 0.589918
7 7 0.488435
7 8 0.342431
7 9 0.172272
7 10 0
8 0 0
8 1 0.242001
8 2 0.446982
8 3 0.594022
8 4 0.673894
8 5 0.688183
8 6 0.640188
8 7 0.532956
8 8 0.375785
8 9 0.189723
8 10 0
9 0 0
9 1 0.259112
9 2 0.47653
9 3 0.629813
9 4 0.711516
9 5 0.725691
9 6 0.67641
9 7 0.565524
9 8 0.400624
9 9 0.202885
9 10 0
10 0 0
10 1 0.272024
10 2 0.498363
10 3 0.65557
10 4 0.737982
10 5 0.75177
10 6 0.701637
10 7 0.58847
10 8 0.418375
10 9 0.212389
10 10 0
11 0 0
11 1 0.281523
11 2 0.51413
11 3 0.673741
11 4 0.756274
11 5 0.76959
11 6 0.718872
11 7 0.604271
11 8 0.430729
11 9 0.219055
11 10 0
12 0 0
12 1 0.288453
12 2 0.525443
12 3 0.686504
12 4 0.768879
12 5 0.781728
12 6 0.730587
12 7 0.615065
12 8 0.439232
12 9 0.223669
12 10 0
13 0 0
13 1 0.293622
13 2 0.533723
13 3 0.695628
13 4 0.777696
13 5 0.790104
13 6 0.738645
13 7 0.622519
13 8 0.44514
13 9 0.22689
13 10 0
14 0 0
14 1 0.297803
14 2 0.540212
14 3 0.702496
14 4 0.7841
14 5 0.796072
14 6 0.744383
14 7 0.627884
14 8 0.449441
14 9 0.229254
14 10 0
15 0 0
15 1 0.30188
15 2 0.546112
15 3 0.708184
15 4 0.788976
15 5 0.800471
15 6 0.748729
15 7 0.632144
15 8 0.453009
15 9 0.23126
15 10 0
16 0 0
16 1 0.307266
16 2 0.552949
16 3 0.713484
16 4 0.792518
16 5 0.803463
16 6 0.752213
16 7 0.636334
16 8 0.456935
16 9 0.233657
16 10 0
17 0 0
17 1 0.317124
17 2 0.563451
17 3 0.718666
17 4 0.793283
17 5 0.803607
17 6 0.754891
17 7 0.641937
17 8 0.463963
17 9 0.238
17 10 0
18 0 0
18 1 0.34029
18 2 0.583639
18 3 0.722412
18 4 0.785177
18 5 0.794839
18 6 0.754578
18 7 0.65415
18 8 0.479737
18 9 0.251707
18 10 0
19 0 0
19 1 0.405499
19 2 0.628283
19 3 0.713688
19 4 0.752558
19 5 0.760301
19 6 0.73802
19 7 0.675579
19 8 0.547276
19 9 0.284088
19 10 0
20 0 0
20 1 0.666667
20 2 0.666667
20 3 0.666667
20 4 0.666667
20 5 0.666667
20 6 0.666667
20 7 0.666667
20 8 0.666667
20 9 0.666667
20 10 0
