0 0 0
0 1 0
0 2 0
0 3 0
0 4 0
0 5 0
0 6 0
0 7 0
0 8 0
0 9 0
0 10 0
1 0 0
1 1 0.0305467
1 2 0.0560598
1 3 0.0745161
1 4 0.0842519
1 5 0.0846579
1 6 0.076462
1 7 0.0615317
1 8 0.0423209
1 9 0.0212073
1 10 0
2 0 0
2 1 0.0623758
2 2 0.11517
2 3 0.154055
2 4 0.175192
2 5 0.176885
2 6 0.160286
2 7 0.129136
2 8 0.0887131
2 9 0.0443364
2 10 0
3 0 0
3 1 0.0957659
3 2 0.177831
3 3 0.239217
3 4 0.273491
3 5 0.277573
3 6 0.252693
3 7 0.204198
3 8 0.14035
3 9 0.0700282
3 10 0
4 0 0
4 1 0.129882
4 2 0.24204
4 3 0.326527
4 4 0.374436
4 5 0.381619
4 6 0.349245
4 7 0.283606
4 8 0.195466
4 9 0.0975277
4 10 0
5 0 0
5 1 0.163129
5 2 0.304222
5 3 0.410196
5 4 0.470412
5 5 0.480645
5 6 0.442169
5 7 0.361324
5 8 0.250224
5 9 0.125061
5 10 0
6 0 0
6 1 0.19373
6 2 0.360638
6 3 0.484589
6 4 0.554369
6 5 0.566913
6 6 0.52395
6 7 0.431063
6 8 0.300326
6 9 0.150551
6 10 0
7 0 0
7 1 0.220287
7 2 0.408628
7 3 0.546205
7 4 0.62239
7 5 0.636243
7 6 0.590229
7 7 0.488712
7 8 0.342639
7 9 0.172381
7 10 0
8 0 0
8 1 0.242105
8 2 0.447165
8 3 0.594249
8 4 0.674139
8 5 0.688433
8 6 0.640433
8 7 0.533179
8 8 0.375955
8 9 0.189813
8 10 0
9 0 0
9 1 0.259197
9 2 0.476675
9 3 0.629988
9 4 0.711701
9 5 0.725878
9 6 0.676593
9 7 0.565693
9 8 0.400755
9 9 0.202956
9 10 0
10 0 0
10 1 0.27209
10 2 0.498474
10 3 0.655701
10 4 0.738117
10 5 0.751905
10 6 0.701771
10 7 0.588593
10 8 0.418473
10 9 0.212441
10 10 0
11 0 0
11 1 0.281572
11 2 0.514213
11 3 0.673836
11 4 0.756371
11 5 0.769686
11 6 0.718967
11 7 0.604359
11 8 0.430799
11 9 0.219093
11 10 0
12 0 0
12 1 0.288489
12 2 0.525502
12 3 0.686572
12 4 0.768947
12 5 0.781795
12 6 0.730653
12 7 0.615127
12 8 0.439282
12 9 0.223696
12 10 0
13 0 0
13 1 0.293648
13 2 0.533766
13 3 0.695676
13 4 0.777743
13 5 0.79015
13 6 0.73869
13 7 0.622562
13 8 0.445175
13 9 0.226909
13 10 0
14 0 0
14 1 0.297822
14 2 0.540242
14 3 0.702529
14 4 0.784132
14 5 0.796104
14 6 0.744414
14 7 0.627913
14 8 0.449465
14 9 0.229267
14 10 0
15 0 0
15 1 0.301893
15 2 0.546133
15 3 0.708207
15 4 0.788998
15 5 0.800492
15 6 0.74875
15 7 0.632164
15 8 0.453025
15 9 0.231268
15 10 0
16 0 0
16 1 0.307275
16 2 0.552963
16 3 0.713499
16 4 0.792533
16 5 0.803477
16 6 0.752227
16 7 0.636347
16 8 0.456945
16 9 0.233663
16 10 0
17 0 0
17 1 0.31713
17 2 0.56346
17 3 0.718676
17 4 0.793293
17 5 0.803616
17 6 0.7549
17 7 0.641946
17 8 0.46397
17 9 0.238004
17 10 0
18 0 0
18 1 0.340293
18 2 0.583645
18 3 0.722418
18 4 0.785182
18 5 0.794845
18 6 0.754583
18 7 0.654155
18 8 0.479741
18 9 0.251709
18 10 0
19 0 0
19 1 0.405501
19 2 0.628285
19 3 0.713691
19 4 0.752561
19 5 0.760303
19 6 0.738023
19 7 0.675581
19 8 0.547278
19 9 0.284089
19 10 0
20 0 0
20 1 0.666667
20 2 0.666667
20 3 0.666667
20 4 0.666667
20 5 0.666667
20 6 0.666667
20 7 0.666667
20 8 0.666667
20 9 0.666667
20 10 0
