0 0 0
0 1 0
0 2 0
0 3 0
0 4 0
0 5 0
0 6 0
0 7 0
0 8 0
0 9 0
0 10 0
1 0 0
1 1 0.00569546
1 2 0.0106183
1 3 0.0144738
1 4 0.0169339
1 5 0.01774
1 6 0.0167845
1 7 0.0141585
1 8 0.0101581
1 9 0.00524888
1 10 0
2 0 0
2 1 0.0110737
2 2 0.0206471
2 3 0.0281368
2 4 0.0328944
2 5 0.0344147
2 6 0.0324994
2 7 0.0273511
2 8 0.0195751
2 9 0.0100937
2 10 0
3 0 0
3 1 0.0158485
3 2 0.0295339
3 3 0.0402004
3 4 0.0469106
3 5 0.0489534
3 6 0.0460842
3 7 0.0386494
3 8 0.0275676
3 9 0.0141769
3 10 0
4 0 0
4 1 0.0198167
4 2 0.0368812
4 3 0.0500945
4 4 0.0582859
4 5 0.0606063
4 6 0.0568234
4 7 0.0474567
4 8 0.0337191
4 9 0.0172899
4 10 0
5 0 0
5 1 0.0228964
5 2 0.0425314
5 3 0.0576032
5 4 0.0667794
5 5 0.0691485
5 6 0.0645444
5 7 0.0536692
5 8 0.0379858
5 9 0.0194229
5 10 0
6 0 0
6 1 0.0251339
6 2 0.046579
6 3 0.0628786
6 4 0.0726109
6 5 0.0748677
6 6 0.0695817
6 7 0.0576227
6 8 0.0406429
6 9 0.0207307
6 10 0
7 0 0
7 1 0.0266847
7 2 0.0493248
7 3 0.0663557
7 4 0.07633
7 5 0.07839
7 6 0.0725772
7 7 0.0598971
7 8 0.0421286
7 9 0.0214473
7 10 0
8 0 0
8 1 0.0277905
8 2 0.0512179
8 3 0.0686471
8 4 0.0786581
8 5 0.0804792
8 6 0.0742615
8 7 0.0611139
8 8 0.0428904
8 9 0.021804
8 10 0
9 0 0
9 1 0.0287799
9 2 0.052844
9 3 0.0705053
9 4 0.0804186
9 5 0.08194
9 6 0.0753458
9 7 0.0618359
9 8 0.0433106
9 9 0.0219905
9 10 0
10 0 0
10 1 0.0301134
10 2 0.0550052
10 3 0.07292
10 4 0.0826361
10 5 0.0837077
10 6 0.0765958
10 7 0.0626236
10 8 0.0437442
10 9 0.0221744
10 10 0
11 0 0
11 1 0.0324828
11 2 0.0589082
11 3 0.0773789
11 4 0.086841
11 5 0.0871613
11 6 0.0791181
11 7 0.0642674
11 8 0.0446785
11 9 0.0225806
11 10 0
12 0 0
12 1 0.0369485
12 2 0.066441
12 3 0.0862721
12 4 0.0955667
12 5 0.094658
12 6 0.0848684
12 7 0.0682094
12 8 0.0470282
12 9 0.0236405
12 10 0
13 0 0
13 1 0.0450697
13 2 0.0804513
13 3 0.103329
13 4 0.112931
13 5 0.110209
13 6 0.0973357
13 7 0.0771426
13 8 0.0525706
13 9 0.026215
13 10 0
14 0 0
14 1 0.0589503
14 2 0.104848
14 3 0.133809
14 4 0.144974
14 5 0.13999
14 6 0.12218
14 7 0.0956518
14 8 0.0644494
14 9 0.0318675
14 10 0
15 0 0
15 1 0.0811294
15 2 0.144257
15 3 0.183901
15 4 0.199001
15 5 0.191918
15 6 0.16719
15 7 0.130466
15 8 0.0875179
15 9 0.0430721
15 10 0
16 0 0
16 1 0.114414
16 2 0.203093
16 3 0.258682
16 4 0.280786
16 5 0.272941
16 6 0.240341
16 7 0.189554
16 8 0.128031
16 9 0.0632341
16 10 0
17 0 0
17 1 0.162304
17 2 0.284555
17 3 0.358609
17 4 0.389101
17 5 0.383003
17 6 0.345054
17 7 0.279087
17 8 0.192985
17 9 0.0962657
17 10 0
18 0 0
18 1 0.232325
18 2 0.391306
18 3 0.476183
18 4 0.509588
18 5 0.507692
18 6 0.473111
18 7 0.401861
18 8 0.288064
18 9 0.150075
18 10 0
19 0 0
19 1 0.350353
19 2 0.531321
19 3 0.590003
19 4 0.614062
19 5 0.616037
19 6 0.596811
19 7 0.548801
19 8 0.449821
19 9 0.231381
19 10 0
20 0 0
20 1 0.666667
20 2 0.666667
20 3 0.666667
20 4 0.666667
20 5 0.666667
20 6 0.666667
20 7 0.666667
20 8 0.666667
20 9 0.666667
20 10 0
