0 0 0
0 1 0
0 2 0
0 3 0
0 4 0
0 5 0
0 6 0
0 7 0
0 8 0
0 9 0
0 10 0
1 0 0
1 1 0.0134138
1 2 0.024071
1 3 0.0311353
1 4 0.0342629
1 5 0.0336209
1 6 0.0298113
1 7 0.023696
1 8 0.0161902
1 9 0.00809354
1 10 0
2 0 0
2 1 0.0281407
2 2 0.0507657
2 3 0.06605
2 4 0.0730662
2 5 0.0719761
2 6 0.0639585
2 7 0.0508596
2 8 0.0347161
2 9 0.0173278
2 10 0
3 0 0
3 1 0.0452575
3 2 0.0822097
3 3 0.10779
3 4 0.120083
3 5 0.118942
3 6 0.106054
3 7 0.0844333
3 8 0.0575928
3 9 0.0286995
3 10 0
4 0 0
4 1 0.0654551
4 2 0.119783
4 3 0.158359
4 4 0.177786
4 5 0.177228
4 6 0.158732
4 7 0.126645
4 8 0.0863787
4 9 0.0429821
4 10 0
5 0 0
5 1 0.0888883
5 2 0.16379
5 3 0.218173
5 4 0.24672
5 5 0.247568
5 6 0.222917
5 7 0.178448
5 8 0.121824
5 9 0.0605627
5 10 0
6 0 0
6 1 0.115067
6 2 0.213176
6 3 0.285552
6 4 0.324755
6 5 0.327832
6 6 0.296934
6 7 0.23881
6 8 0.16341
6 9 0.0812319
6 10 0
7 0 0
7 1 0.142881
7 2 0.265559
7 3 0.35674
7 4 0.407074
7 5 0.412901
7 6 0.376262
7 7 0.304404
7 8 0.209113
7 9 0.104065
7 10 0
8 0 0
8 1 0.170802
8 2 0.317714
8 3 0.426776
8 4 0.487367
8 5 0.495941
8 6 0.454564
8 7 0.370256
8 8 0.255713
8 9 0.12755
8 10 0
9 0 0
9 1 0.197246
9 2 0.366413
9 3 0.49093
9 4 0.559829
9 5 0.570648
9 6 0.525737
9 7 0.431249
9 8 0.299695
9 9 0.149973
9 10 0
10 0 0
10 1 0.220929
10 2 0.409225
10 3 0.545977
10 4 0.620802
10 5 0.633105
10 6 0.585765
10 7 0.483682
10 8 0.338279
10 9 0.169907
10 10 0
11 0 0
11 1 0.241106
11 2 0.444941
11 3 0.59068
11 4 0.669235
11 5 0.682283
11 6 0.633352
11 7 0.52599
11 8 0.370032
11 9 0.186534
11 10 0
12 0 0
12 1 0.257618
12 2 0.473537
12 3 0.625497
12 4 0.706097
12 5 0.719325
12 6 0.669359
12 7 0.558491
12 8 0.39486
12 9 0.199697
12 10 0
13 0 0
13 1 0.270799
13 2 0.495851
13 3 0.651908
13 4 0.733403
13 5 0.746445
13 6 0.695787
13 7 0.582645
13 8 0.413591
13 9 0.209736
13 10 0
14 0 0
14 1 0.281347
14 2 0.513226
14 3 0.671803
14 4 0.753407
14 5 0.766041
14 6 0.714915
14 7 0.600335
14 8 0.427503
14 9 0.217268
14 10 0
15 0 0
15 1 0.290307
15 2 0.527317
15 3 0.687058
15 4 0.768069
15 5 0.780142
15 6 0.728802
15 7 0.613459
15 8 0.438061
15 9 0.223063
15 10 0
16 0 0
16 1 0.299359
16 2 0.540207
16 3 0.699286
16 4 0.778572
16 5 0.789971
16 6 0.739014
16 7 0.623943
16 8 0.446992
16 9 0.228191
16 10 0
17 0 0
17 1 0.311955
17 2 0.555171
17 3 0.709485
17 4 0.784293
17 5 0.794941
17 6 0.746448
17 7 0.634025
17 8 0.457607
17 9 0.234497
17 10 0
18 0 0
18 1 0.337199
18 2 0.578712
18 3 0.71694
18 4 0.779797
18 5 0.789663
18 6 0.749576
18 7 0.649503
18 8 0.476009
18 9 0.249646
18 10 0
19 0 0
19 1 0.404063
19 2 0.626001
19 3 0.711127
19 4 0.75001
19 5 0.757845
19 6 0.735678
19 7 0.673443
19 8 0.545579
19 9 0.283143
19 10 0
20 0 0
20 1 0.666667
20 2 0.666667
20 3 0.666667
20 4 0.666667
20 5 0.666667
20 6 0.666667
20 7 0.666667
20 8 0.666667
20 9 0.666667
20 10 0
