0 0 0
0 1 0
0 2 0
0 3 0
0 4 0
0 5 0
0 6 0
0 7 0
0 8 0
0 9 0
0 10 0
1 0 0
1 1 0.0290041
1 2 0.0531384
1 3 0.0704853
1 4 0.0795229
1 5 0.0797466
1 6 0.0719063
1 7 0.0577957
1 8 0.0397227
1 9 0.0198992
1 10 0
2 0 0
2 1 0.0593555
2 2 0.109414
2 3 0.146071
2 4 0.165772
2 5 0.167043
2 6 0.151105
2 7 0.12158
2 8 0.0834582
2 9 0.0416993
2 10 0
3 0 0
3 1 0.091464
3 2 0.169614
3 3 0.227812
3 4 0.260017
3 5 0.263426
3 6 0.239387
3 7 0.193154
3 8 0.132632
3 9 0.0661547
3 10 0
4 0 0
4 1 0.124657
4 2 0.232105
4 3 0.312848
4 4 0.358368
4 5 0.364722
4 6 0.333199
4 7 0.270109
4 8 0.185928
4 9 0.0927183
4 10 0
5 0 0
5 1 0.157461
5 2 0.293572
5 3 0.395783
5 4 0.453712
5 5 0.46313
5 6 0.425372
5 7 0.346946
5 8 0.239894
5 9 0.119804
5 10 0
6 0 0
6 1 0.188118
6 2 0.350285
6 3 0.470917
6 4 0.538843
6 5 0.550738
6 6 0.508297
6 7 0.417402
6 8 0.290312
6 9 0.14539
6 10 0
7 0 0
7 1 0.215143
7 2 0.399344
7 3 0.534292
7 4 0.609179
7 5 0.622608
7 6 0.576937
7 7 0.47689
7 8 0.333788
7 9 0.167755
7 10 0
8 0 0
8 1 0.237684
8 2 0.439368
8 3 0.584534
8 4 0.663626
8 5 0.6777
8 6 0.629913
8 7 0.523663
8 8 0.368692
8 9 0.185967
8 10 0
9 0 0
9 1 0.255594
9 2 0.470457
9 3 0.62245
9 4 0.703731
9 5 0.717829
9 6 0.668678
9 7 0.558435
9 8 0.395125
9 9 0.199939
9 10 0
10 0 0
10 1 0.269276
10 2 0.49371
10 3 0.650061
10 4 0.732274
10 5 0.746065
10 6 0.696018
10 7 0.583264
10 8 0.414287
10 9 0.210178
10 10 0
11 0 0
11 1 0.279446
11 2 0.51067
11 3 0.669726
11 4 0.752185
11 5 0.765541
11 6 0.714882
11 7 0.600548
11 8 0.427778
11 9 0.217448
11 10 0
12 0 0
12 1 0.286925
12 2 0.522929
12 3 0.683634
12 4 0.765996
12 5 0.778896
12 6 0.727798
12 7 0.612452
12 8 0.437147
12 9 0.222528
12 10 0
13 0 0
13 1 0.292521
13 2 0.531931
13 3 0.693606
13 4 0.775688
13 5 0.788146
13 6 0.736718
13 7 0.620708
13 8 0.443689
13 9 0.226094
13 10 0
14 0 0
14 1 0.297025
14 2 0.538954
14 3 0.701091
14 4 0.782717
14 5 0.794731
14 6 0.743066
14 7 0.626643
14 8 0.448444
14 9 0.228706
14 10 0
15 0 0
15 1 0.30134
15 2 0.545244
15 3 0.707222
15 4 0.788035
15 5 0.799562
15 6 0.747838
15 7 0.631304
15 8 0.452333
15 9 0.230887
15 10 0
16 0 0
16 1 0.3069
16 2 0.552364
16 3 0.712838
16 4 0.791889
16 5 0.802858
16 6 0.751621
16 7 0.635776
16 8 0.456485
16 9 0.233409
16 10 0
17 0 0
17 1 0.316885
17 2 0.563071
17 3 0.718248
17 4 0.792877
17 5 0.803216
17 6 0.754511
17 7 0.64158
17 8 0.463675
17 9 0.237841
17 10 0
18 0 0
18 1 0.340148
18 2 0.583413
18 3 0.722163
18 4 0.784932
18 5 0.794605
18 6 0.754351
18 7 0.653939
18 8 0.479568
18 9 0.251613
18 10 0
19 0 0
19 1 0.405433
19 2 0.628178
19 3 0.713571
19 4 0.752442
19 5 0.760189
19 6 0.737914
19 7 0.675481
19 8 0.547199
19 9 0.284045
19 10 0
20 0 0
20 1 0.666667
20 2 0.666667
20 3 0.666667
20 4 0.666667
20 5 0.666667
20 6 0.666667
20 7 0.666667
20 8 0.666667
20 9 0.666667
20 10 0
