0 0 0
0 1 0
0 2 0
0 3 0
0 4 0
0 5 0
0 6 0
0 7 0
0 8 0
0 9 0
0 10 0
1 0 0
1 1 0.00231401
1 2 0.00424811
1 3 0.00567604
1 4 0.00650007
1 5 0.00667002
1 6 0.00619522
1 7 0.00514701
1 8 0.00365128
1 9 0.00187357
1 10 0
2 0 0
2 1 0.00458643
2 2 0.00841954
2 3 0.0112478
2 4 0.0128767
2 5 0.0132067
2 6 0.0122581
2 7 0.0101755
2 8 0.00721211
2 9 0.00369796
2 10 0
3 0 0
3 1 0.00678255
3 2 0.012445
3 3 0.0166132
3 4 0.0190007
3 5 0.0194647
3 6 0.0180423
3 7 0.0149556
3 8 0.0105857
3 9 0.00542198
3 10 0
4 0 0
4 1 0.00888894
4 2 0.0162905
4 3 0.0217108
4 4 0.0247827
4 5 0.0253343
4 6 0.0234314
4 7 0.0193811
4 8 0.013692
4 9 0.0070033
4 10 0
5 0 0
5 1 0.0109336
5 2 0.0199949
5 3 0.0265719
5 4 0.0302339
5 5 0.0308032
5 6 0.0283957
5 7 0.0234157
5 8 0.0164999
5 9 0.00842424
5 10 0
6 0 0
6 1 0.0130113
6 2 0.0237175
6 3 0.0313836
6 4 0.0355378
6 5 0.0360296
6 6 0.0330576
6 7 0.0271451
6 8 0.0190618
6 9 0.0097093
6 10 0
7 0 0
7 1 0.0153144
7 2 0.0277946
7 3 0.0365658
7 4 0.0411366
7 5 0.0414275
7 6 0.0377677
7 7 0.0308367
7 8 0.0215546
7 9 0.0109449
7 10 0
8 0 0
8 1 0.0181691
8 2 0.0328092
8 3 0.0428649
8 4 0.047839
8 5 0.047775
8 6 0.0432008
8 7 0.0350147
8 8 0.0243294
8 9 0.0123042
8 10 0
9 0 0
9 1 0.0220764
9 2 0.0396713
9 3 0.0514689
9 4 0.0569564
9 5 0.0563541
9 6 0.0504824
9 7 0.0405616
9 8 0.02798
9 9 0.0140802
9 10 0
10 0 0
10 1 0.027749
10 2 0.0496982
10 3 0.0641327
10 4 0.070463
10 5 0.0691245
10 6 0.0613529
10 7 0.0488514
10 8 0.0334344
10 9 0.0167314
10 10 0
11 0 0
11 1 0.0361264
11 2 0.0646634
11 3 0.0832738
11 4 0.0911375
11 5 0.0888972
11 6 0.0783449
11 7 0.0619027
11 8 0.0420622
11 9 0.0209352
11 10 0
12 0 0
12 1 0.048338
12 2 0.0867446
12 3 0.111934
12 4 0.122567
12 5 0.119391
12 6 0.104879
12 7 0.0824828
12 8 0.0557557
12 9 0.0276296
12 10 0
13 0 0
13 1 0.0655762
13 2 0.118271
13 3 0.153422
13 4 0.168755
13 5 0.164898
13 6 0.145046
13 7 0.113996
13 8 0.0768842
13 9 0.0379959
13 10 0
14 0 0
14 1 0.0888797
14 2 0.161195
14 3 0.210431
14 4 0.233
14 5 0.229164
14 6 0.202699
14 7 0.159886
14 8 0.107959
14 9 0.0533149
14 10 0
15 0 0
15 1 0.11893
15 2 0.2164
15 3 0.283644
15 4 0.315925
15 5 0.313244
15 6 0.27962
15 7 0.222351
15 8 0.150924
15 9 0.0746573
15 10 0
16 0 0
16 1 0.156193
16 2 0.283326
16 3 0.370415
16 4 0.413319
16 5 0.413014
16 6 0.373239
16 7 0.300833
16 8 0.20631
16 9 0.102633
16 10 0
17 0 0
17 1 0.202138
17 2 0.360853
17 3 0.464559
17 4 0.515174
17 5 0.517911
17 6 0.475813
17 7 0.391481
17 8 0.27392
17 9 0.137556
17 10 0
18 0 0
18 1 0.263557
18 2 0.450437
18 3 0.557444
18 4 0.60598
18 5 0.611428
18 6 0.575213
18 7 0.491785
18 8 0.354625
18 9 0.184681
18 10 0
19 0 0
19 1 0.367429
19 2 0.563112
19 3 0.633286
19 4 0.665238
19 5 0.67115
19 6 0.651331
19 7 0.597415
19 8 0.486629
19 9 0.251023
19 10 0
20 0 0
20 1 0.666667
20 2 0.666667
20 3 0.666667
20 4 0.666667
20 5 0.666667
20 6 0.666667
20 7 0.666667
20 8 0.666667
20 9 0.666667
20 10 0
