0 0 0
0 1 0
0 2 0
0 3 0
0 4 0
0 5 0
0 6 0
0 7 0
0 8 0
0 9 0
0 10 0
1 0 0
1 1 0.03021
1 2 0.0554215
1 3 0.0736344
1 4 0.0832162
1 5 0.0835809
1 6 0.0754617
1 7 0.0607106
1 8 0.0417494
1 9 0.0209195
1 10 0
2 0 0
2 1 0.0617175
2 2 0.113914
2 3 0.152312
2 4 0.173133
2 5 0.174731
2 6 0.158275
2 7 0.127479
2 8 0.0875595
2 9 0.0437573
2 10 0
3 0 0
3 1 0.0948305
3 2 0.176044
3 3 0.236735
3 4 0.270558
3 5 0.27449
3 6 0.249789
3 7 0.201784
3 8 0.138662
3 9 0.0691803
3 10 0
4 0 0
4 1 0.12875
4 2 0.239887
4 3 0.323564
4 4 0.370956
4 5 0.377957
4 6 0.345762
4 7 0.280672
4 8 0.19339
4 9 0.0964797
4 10 0
5 0 0
5 1 0.161905
5 2 0.301925
5 3 0.407091
5 4 0.466817
5 5 0.476873
5 6 0.438547
5 7 0.358217
5 8 0.247988
5 9 0.123921
5 10 0
6 0 0
6 1 0.192523
6 2 0.358415
6 3 0.481659
6 4 0.551045
6 5 0.563451
6 6 0.520596
6 7 0.428129
6 8 0.298171
6 9 0.149439
6 10 0
7 0 0
7 1 0.219185
7 2 0.406643
7 3 0.543663
7 4 0.619576
7 5 0.63334
7 6 0.587396
7 7 0.486188
7 8 0.340745
7 9 0.17139
7 10 0
8 0 0
8 1 0.241161
8 2 0.445504
8 3 0.592184
8 4 0.671908
8 5 0.686157
8 6 0.6382
8 7 0.531156
8 8 0.374408
8 9 0.188993
8 10 0
9 0 0
9 1 0.25843
9 2 0.475354
9 3 0.628391
9 4 0.710015
9 5 0.724176
9 6 0.674919
9 7 0.564155
9 8 0.39956
9 9 0.202315
9 10 0
10 0 0
10 1 0.271493
10 2 0.497464
10 3 0.654508
10 4 0.736883
10 5 0.750672
10 6 0.700556
10 7 0.587467
10 8 0.417587
10 9 0.211962
10 10 0
11 0 0
11 1 0.281122
11 2 0.513463
11 3 0.672968
11 4 0.755488
11 5 0.768812
11 6 0.718105
11 7 0.603554
11 8 0.430161
11 9 0.218745
11 10 0
12 0 0
12 1 0.288158
12 2 0.524958
12 3 0.685952
12 4 0.768325
12 5 0.781184
12 6 0.730051
12 7 0.614563
12 8 0.438831
12 9 0.223449
12 10 0
13 0 0
13 1 0.29341
13 2 0.533378
13 3 0.695239
13 4 0.77731
13 5 0.789728
13 6 0.738274
13 7 0.622171
13 8 0.444861
13 9 0.226737
13 10 0
14 0 0
14 1 0.297654
14 2 0.53997
14 3 0.702226
14 4 0.783834
14 5 0.795814
14 6 0.74413
14 7 0.627645
14 8 0.449249
14 9 0.229149
14 10 0
15 0 0
15 1 0.301776
15 2 0.545945
15 3 0.707999
15 4 0.788795
15 5 0.800296
15 6 0.748557
15 7 0.631982
15 8 0.452878
15 9 0.231188
15 10 0
16 0 0
16 1 0.307195
16 2 0.552837
16 3 0.713359
16 4 0.792397
16 5 0.803346
16 6 0.752099
16 7 0.636226
16 8 0.456848
16 9 0.233609
16 10 0
17 0 0
17 1 0.317078
17 2 0.563378
17 3 0.718586
17 4 0.793205
17 5 0.803532
17 6 0.754818
17 7 0.641868
17 8 0.463908
17 9 0.237969
17 10 0
18 0 0
18 1 0.340263
18 2 0.583596
18 3 0.722364
18 4 0.78513
18 5 0.794794
18 6 0.754534
18 7 0.654109
18 8 0.479704
18 9 0.251689
18 10 0
19 0 0
19 1 0.405486
19 2 0.628263
19 3 0.713665
19 4 0.752536
19 5 0.760279
19 6 0.738
19 7 0.67556
19 8 0.547261
19 9 0.284079
19 10 0
20 0 0
20 1 0.666667
20 2 0.666667
20 3 0.666667
20 4 0.666667
20 5 0.666667
20 6 0.666667
20 7 0.666667
20 8 0.666667
20 9 0.666667
20 10 0
