0 0 0
0 1 0
0 2 0
0 3 0
0 4 0
0 5 0
0 6 0
0 7 0
0 8 0
0 9 0
0 10 0
1 0 0
1 1 0.0245011
1 2 0.0446525
1 3 0.0588478
1 4 0.0659591
1 5 0.0657527
1 6 0.0590034
1 7 0.0472646
1 8 0.032422
1 9 0.0162293
1 10 0
2 0 0
2 1 0.0504736
2 2 0.0925581
2 3 0.122798
2 4 0.138471
2 5 0.138699
2 6 0.124832
2 7 0.100075
2 8 0.0685591
2 9 0.0342353
2 10 0
3 0 0
3 1 0.0786527
3 2 0.145198
3 3 0.193999
3 4 0.220209
3 5 0.221848
3 6 0.200545
3 7 0.161136
3 8 0.110372
3 9 0.0550108
3 10 0
4 0 0
4 1 0.108831
4 2 0.201992
4 3 0.271331
4 4 0.309612
4 5 0.313628
4 6 0.285014
4 7 0.229918
4 8 0.157733
4 9 0.0785572
4 10 0
5 0 0
5 1 0.139943
5 2 0.260534
5 3 0.350829
5 4 0.401447
5 5 0.408389
5 6 0.373226
5 7 0.30275
5 8 0.208434
5 9 0.103882
5 10 0
6 0 0
6 1 0.170399
6 2 0.317376
6 3 0.427072
6 4 0.48872
6 5 0.498481
6 6 0.458038
6 7 0.374002
6 8 0.258834
6 9 0.129278
6 10 0
7 0 0
7 1 0.198552
7 2 0.36914
7 3 0.495099
7 4 0.565333
7 5 0.577253
7 6 0.532953
7 7 0.438171
7 8 0.30512
7 9 0.152884
7 10 0
8 0 0
8 1 0.223143
8 2 0.413477
8 3 0.551883
8 4 0.627952
8 5 0.641159
8 6 0.594248
8 7 0.491704
8 8 0.344551
8 9 0.173271
8 10 0
9 0 0
9 1 0.243538
9 2 0.449459
9 3 0.596696
9 4 0.676239
9 5 0.689965
9 6 0.641362
9 7 0.533586
9 8 0.376021
9 9 0.189768
9 10 0
10 0 0
10 1 0.259728
10 2 0.477408
10 3 0.630562
10 4 0.711898
10 5 0.725627
10 6 0.67593
10 7 0.564773
10 8 0.399867
10 9 0.202422
10 10 0
11 0 0
11 1 0.272156
11 2 0.498435
11 3 0.655402
11 4 0.737491
11 5 0.750943
11 6 0.700519
11 7 0.587212
11 8 0.417265
11 9 0.211749
11 10 0
12 0 0
12 1 0.281519
12 2 0.513984
12 3 0.673345
12 4 0.755603
12 5 0.768658
12 6 0.717726
12 7 0.603044
12 8 0.429672
12 9 0.218452
12 10 0
13 0 0
13 1 0.288607
13 2 0.525525
13 3 0.686343
13 4 0.768442
13 5 0.78106
13 6 0.729754
13 7 0.614178
13 8 0.438472
13 9 0.223237
13 10 0
14 0 0
14 1 0.294247
14 2 0.534449
14 3 0.696039
14 4 0.777727
14 5 0.789882
14 6 0.738306
14 7 0.622169
14 8 0.444857
14 9 0.226736
14 10 0
15 0 0
15 1 0.299408
15 2 0.542133
15 3 0.703762
15 4 0.784645
15 5 0.796284
15 6 0.744626
15 7 0.628281
15 8 0.449902
15 9 0.22955
15 10 0
16 0 0
16 1 0.305589
16 2 0.550265
16 3 0.710519
16 4 0.789628
16 5 0.80068
16 6 0.749492
16 7 0.633772
16 8 0.454872
16 9 0.23252
16 10 0
17 0 0
17 1 0.316033
17 2 0.561711
17 3 0.716749
17 4 0.791417
17 5 0.801814
17 6 0.753146
17 7 0.640299
17 8 0.462644
17 9 0.237271
17 10 0
18 0 0
18 1 0.339639
18 2 0.582605
18 3 0.721269
18 4 0.784057
18 5 0.793765
18 6 0.75354
18 7 0.653185
18 8 0.478962
18 9 0.251278
18 10 0
19 0 0
19 1 0.405197
19 2 0.627804
19 3 0.713152
19 4 0.752027
19 5 0.75979
19 6 0.737533
19 7 0.675134
19 8 0.546923
19 9 0.283891
19 10 0
20 0 0
20 1 0.666667
20 2 0.666667
20 3 0.666667
20 4 0.666667
20 5 0.666667
20 6 0.666667
20 7 0.666667
20 8 0.666667
20 9 0.666667
20 10 0
