0 0 0
0 1 0
0 2 0
0 3 0
0 4 0
0 5 0
0 6 0
0 7 0
0 8 0
0 9 0
0 10 0
1 0 0
1 1 0.0238824
1 2 0.0434917
1 3 0.0572646
1 4 0.0641246
1 5 0.0638708
1 6 0.057277
1 7 0.045861
1 8 0.0314514
1 9 0.015742
1 10 0
2 0 0
2 1 0.0492452
2 2 0.0902359
2 3 0.119606
2 4 0.134746
2 5 0.134854
2 6 0.121287
2 7 0.0971855
2 8 0.0665634
2 9 0.0332367
2 10 0
3 0 0
3 1 0.0768614
3 2 0.141792
3 3 0.189295
3 4 0.214689
3 5 0.216111
3 6 0.195215
3 7 0.156767
3 8 0.107346
3 9 0.0534991
3 10 0
4 0 0
4 1 0.106585
4 2 0.197718
4 3 0.265437
4 4 0.302696
4 5 0.306404
4 6 0.278241
4 7 0.224307
4 8 0.153819
4 9 0.0765974
4 10 0
5 0 0
5 1 0.137413
5 2 0.255749
5 3 0.344294
5 4 0.393831
5 5 0.400424
5 6 0.365682
5 7 0.296407
5 8 0.203952
5 9 0.101624
5 10 0
6 0 0
6 1 0.16779
6 2 0.312506
6 3 0.420538
6 4 0.481213
6 5 0.490653
6 6 0.450548
6 7 0.367591
6 8 0.254224
6 9 0.126932
6 10 0
7 0 0
7 1 0.196062
7 2 0.364577
7 3 0.489123
7 4 0.5586
7 5 0.570277
7 6 0.526218
7 7 0.432295
7 8 0.300809
7 9 0.150661
7 10 0
8 0 0
8 1 0.220922
8 2 0.409493
8 3 0.546807
8 4 0.622362
8 5 0.635417
8 6 0.588665
8 7 0.486741
8 8 0.340834
8 9 0.171329
8 10 0
9 0 0
9 1 0.241669
9 2 0.446177
9 3 0.592631
9 4 0.671865
9 5 0.685518
9 6 0.637013
9 7 0.529657
9 8 0.373024
9 9 0.188181
9 10 0
10 0 0
10 1 0.258228
10 2 0.474829
10 3 0.62745
10 4 0.708622
10 5 0.72233
10 6 0.672695
10 7 0.561812
10 8 0.397572
10 9 0.201193
10 10 0
11 0 0
11 1 0.270999
11 2 0.496482
11 3 0.653098
11 4 0.735112
11 5 0.748572
11 6 0.69819
11 7 0.585058
11 8 0.415576
11 9 0.210836
11 10 0
12 0 0
12 1 0.280655
12 2 0.512546
12 3 0.671681
12 4 0.753913
12 5 0.766989
12 6 0.716086
12 7 0.601516
12 8 0.428463
12 9 0.217795
12 10 0
13 0 0
13 1 0.287977
13 2 0.524491
13 3 0.685164
13 4 0.767262
13 5 0.779903
13 6 0.728618
13 7 0.613114
13 8 0.437625
13 9 0.222774
13 10 0
14 0 0
14 1 0.293799
14 2 0.53372
14 3 0.695218
14 4 0.776914
14 5 0.78909
14 6 0.73753
14 7 0.62144
14 8 0.444273
14 9 0.226416
14 10 0
15 0 0
15 1 0.299096
15 2 0.541629
15 3 0.7032
15 4 0.784093
15 5 0.79575
15 6 0.744102
15 7 0.627789
15 8 0.449507
15 9 0.229332
15 10 0
16 0 0
16 1 0.305377
16 2 0.549925
16 3 0.710142
16 4 0.78926
16 5 0.800325
16 6 0.749145
16 7 0.633446
16 8 0.45461
16 9 0.232375
16 10 0
17 0 0
17 1 0.315894
17 2 0.561491
17 3 0.716506
17 4 0.79118
17 5 0.801586
17 6 0.752924
17 7 0.64009
17 8 0.462476
17 9 0.237179
17 10 0
18 0 0
18 1 0.339556
18 2 0.582474
18 3 0.721124
18 4 0.783915
18 5 0.793629
18 6 0.753409
18 7 0.653063
18 8 0.478863
18 9 0.251224
18 10 0
19 0 0
19 1 0.405159
19 2 0.627743
19 3 0.713084
19 4 0.75196
19 5 0.759725
19 6 0.737472
19 7 0.675078
19 8 0.546878
19 9 0.283866
19 10 0
20 0 0
20 1 0.666667
20 2 0.666667
20 3 0.666667
20 4 0.666667
20 5 0.666667
20 6 0.666667
20 7 0.666667
20 8 0.666667
20 9 0.666667
20 10 0
