0 0 0
0 1 0
0 2 0
0 3 0
0 4 0
0 5 0
0 6 0
0 7 0
0 8 0
0 9 0
0 10 0
1 0 0
1 1 0.0306013
1 2 0.0561632
1 3 0.074659
1 4 0.0844198
1 5 0.0848326
1 6 0.0766243
1 7 0.061665
1 8 0.0424137
1 9 0.021254
1 10 0
2 0 0
2 1 0.0624824
2 2 0.115373
2 3 0.154338
2 4 0.175525
2 5 0.177234
2 6 0.160613
2 7 0.129405
2 8 0.0889003
2 9 0.0444304
2 10 0
3 0 0
3 1 0.0959172
3 2 0.17812
3 3 0.239618
3 4 0.273966
3 5 0.278072
3 6 0.253163
3 7 0.204589
3 8 0.140624
3 9 0.0701657
3 10 0
4 0 0
4 1 0.130065
4 2 0.242388
4 3 0.327006
4 4 0.374998
4 5 0.382211
4 6 0.349808
4 7 0.284081
4 8 0.195802
4 9 0.0976974
4 10 0
5 0 0
5 1 0.163327
5 2 0.304593
5 3 0.410697
5 4 0.470992
5 5 0.481253
5 6 0.442753
5 7 0.361825
5 8 0.250585
5 9 0.125245
5 10 0
6 0 0
6 1 0.193924
6 2 0.360996
6 3 0.485061
6 4 0.554904
6 5 0.567471
6 6 0.52449
6 7 0.431535
6 8 0.300674
6 9 0.150731
6 10 0
7 0 0
7 1 0.220465
7 2 0.408947
7 3 0.546614
7 4 0.622843
7 5 0.63671
7 6 0.590685
7 7 0.489118
7 8 0.342944
7 9 0.172541
7 10 0
8 0 0
8 1 0.242257
8 2 0.447432
8 3 0.594581
8 4 0.674497
8 5 0.688798
8 6 0.640791
8 7 0.533504
8 8 0.376203
8 9 0.189945
8 10 0
9 0 0
9 1 0.25932
9 2 0.476887
9 3 0.630245
9 4 0.711972
9 5 0.726151
9 6 0.676862
9 7 0.56594
9 8 0.400947
9 9 0.203059
9 10 0
10 0 0
10 1 0.272186
10 2 0.498636
10 3 0.655892
10 4 0.738315
10 5 0.752103
10 6 0.701965
10 7 0.588774
10 8 0.418615
10 9 0.212518
10 10 0
11 0 0
11 1 0.281644
11 2 0.514333
11 3 0.673975
11 4 0.756512
11 5 0.769826
11 6 0.719105
11 7 0.604488
11 8 0.430902
11 9 0.219149
11 10 0
12 0 0
12 1 0.288542
12 2 0.52559
12 3 0.686672
12 4 0.769047
12 5 0.781893
12 6 0.730749
12 7 0.615218
12 8 0.439354
12 9 0.223735
12 10 0
13 0 0
13 1 0.293686
13 2 0.533828
13 3 0.695746
13 4 0.777813
13 5 0.790218
13 6 0.738757
13 7 0.622625
13 8 0.445225
13 9 0.226937
13 10 0
14 0 0
14 1 0.297849
14 2 0.540285
14 3 0.702578
14 4 0.78418
14 5 0.79615
14 6 0.74446
14 7 0.627956
14 8 0.449499
14 9 0.229286
14 10 0
15 0 0
15 1 0.301912
15 2 0.546163
15 3 0.70824
15 4 0.789031
15 5 0.800524
15 6 0.748781
15 7 0.632193
15 8 0.453048
15 9 0.231281
15 10 0
16 0 0
16 1 0.307287
16 2 0.552984
16 3 0.713521
16 4 0.792555
16 5 0.803498
16 6 0.752248
16 7 0.636366
16 8 0.456961
16 9 0.233671
16 10 0
17 0 0
17 1 0.317138
17 2 0.563473
17 3 0.718691
17 4 0.793307
17 5 0.80363
17 6 0.754914
17 7 0.641958
17 8 0.46398
17 9 0.238009
17 10 0
18 0 0
18 1 0.340298
18 2 0.583652
18 3 0.722427
18 4 0.785191
18 5 0.794853
18 6 0.754591
18 7 0.654162
18 8 0.479747
18 9 0.251712
18 10 0
19 0 0
19 1 0.405503
19 2 0.628289
19 3 0.713695
19 4 0.752565
19 5 0.760307
19 6 0.738027
19 7 0.675584
19 8 0.547281
19 9 0.28409
19 10 0
20 0 0
20 1 0.666667
20 2 0.666667
20 3 0.666667
20 4 0.666667
20 5 0.666667
20 6 0.666667
20 7 0.666667
20 8 0.666667
20 9 0.666667
20 10 0
