0 0 0
0 1 0
0 2 0
0 3 0
0 4 0
0 5 0
0 6 0
0 7 0
0 8 0
0 9 0
0 10 0
1 0 0
1 1 0.029629
1 2 0.054321
1 3 0.0721156
1 4 0.0814337
1 5 0.0817291
1 6 0.0737435
1 7 0.0593012
1 8 0.0407691
1 9 0.0204259
1 10 0
2 0 0
2 1 0.0605804
2 2 0.111747
2 3 0.149305
2 4 0.169584
2 5 0.171023
2 6 0.154814
2 7 0.124629
2 8 0.0855777
2 9 0.0427626
2 10 0
3 0 0
3 1 0.0932118
3 2 0.172952
3 3 0.232443
3 4 0.265486
3 5 0.269164
3 6 0.244778
3 7 0.197624
3 8 0.135753
3 9 0.0677204
3 10 0
4 0 0
4 1 0.126785
4 2 0.236152
4 3 0.318422
4 4 0.364916
4 5 0.371604
4 6 0.339728
4 7 0.275593
4 8 0.1898
4 9 0.0946691
4 10 0
5 0 0
5 1 0.159776
5 2 0.297925
5 3 0.401679
5 4 0.460548
5 5 0.470298
5 6 0.432239
5 7 0.352816
5 8 0.244105
5 9 0.121945
5 10 0
6 0 0
6 1 0.190417
6 2 0.354531
6 3 0.476532
6 4 0.545225
6 5 0.557388
6 6 0.514727
6 7 0.423005
6 8 0.294413
6 9 0.147501
6 10 0
7 0 0
7 1 0.217257
7 2 0.403164
7 3 0.539202
7 4 0.61463
7 5 0.628237
7 6 0.58242
7 7 0.481759
7 8 0.337428
7 9 0.169655
7 10 0
8 0 0
8 1 0.239505
8 2 0.442585
8 3 0.588549
8 4 0.667977
8 5 0.682144
8 6 0.634266
8 7 0.527595
8 8 0.371689
8 9 0.187552
8 10 0
9 0 0
9 1 0.257081
9 2 0.473028
9 3 0.625572
9 4 0.707036
9 5 0.721169
9 6 0.671961
9 7 0.561442
9 8 0.397455
9 9 0.201186
9 10 0
10 0 0
10 1 0.27044
10 2 0.495683
10 3 0.6524
10 4 0.7347
10 5 0.748491
10 6 0.698407
10 7 0.585476
10 8 0.416022
10 9 0.211116
10 10 0
11 0 0
11 1 0.280327
11 2 0.512139
11 3 0.671432
11 4 0.753924
11 5 0.767264
11 6 0.71658
11 7 0.602131
11 8 0.429032
11 9 0.218131
11 10 0
12 0 0
12 1 0.287574
12 2 0.523997
12 3 0.684854
12 4 0.767223
12 5 0.780101
12 6 0.728985
12 7 0.613564
12 8 0.438034
12 9 0.223013
12 10 0
13 0 0
13 1 0.292989
13 2 0.532693
13 3 0.694466
13 4 0.776543
13 5 0.788979
13 6 0.737538
13 7 0.621479
13 8 0.444306
13 9 0.226432
13 10 0
14 0 0
14 1 0.297356
14 2 0.539489
14 3 0.701688
14 4 0.783305
14 5 0.795302
14 6 0.743626
14 7 0.627171
14 8 0.448868
14 9 0.228939
14 10 0
15 0 0
15 1 0.30157
15 2 0.545613
15 3 0.707631
15 4 0.788435
15 5 0.799949
15 6 0.748217
15 7 0.631661
15 8 0.45262
15 9 0.231045
15 10 0
16 0 0
16 1 0.307055
16 2 0.552613
16 3 0.713112
16 4 0.792157
16 5 0.803115
16 6 0.751873
16 7 0.636013
16 8 0.456676
16 9 0.233514
16 10 0
17 0 0
17 1 0.316987
17 2 0.563233
17 3 0.718426
17 4 0.793049
17 5 0.803382
17 6 0.754673
17 7 0.641732
17 8 0.463798
17 9 0.237908
17 10 0
18 0 0
18 1 0.340208
18 2 0.583509
18 3 0.722269
18 4 0.785036
18 5 0.794705
18 6 0.754447
18 7 0.654029
18 8 0.47964
18 9 0.251653
18 10 0
19 0 0
19 1 0.405461
19 2 0.628222
19 3 0.71362
19 4 0.752491
19 5 0.760236
19 6 0.737959
19 7 0.675523
19 8 0.547232
19 9 0.284063
19 10 0
20 0 0
20 1 0.666667
20 2 0.666667
20 3 0.666667
20 4 0.666667
20 5 0.666667
20 6 0.666667
20 7 0.666667
20 8 0.666667
20 9 0.666667
20 10 0
