0 0 0
0 1 0
0 2 0
0 3 0
0 4 0
0 5 0
0 6 0
0 7 0
0 8 0
0 9 0
0 10 0
1 0 0
1 1 0.00587291
1 2 0.0103946
1 3 0.0132245
1 4 0.0143241
1 5 0.0138729
1 6 0.0121853
1 7 0.00962956
1 8 0.00656079
1 9 0.00327684
1 10 0
2 0 0
2 1 0.0125105
2 2 0.0222167
2 3 0.0283715
2 4 0.030834
2 5 0.0299365
2 6 0.0263314
2 7 0.0208168
2 8 0.0141779
2 9 0.00707659
2 10 0
3 0 0
3 1 0.0206776
3 2 0.036902
3 3 0.0473914
3 4 0.0517671
3 5 0.050453
3 6 0.0444787
3 7 0.0351917
3 8 0.0239608
3 9 0.0119501
3 10 0
4 0 0
4 1 0.031134
4 2 0.0559114
4 3 0.07232
4 4 0.0795155
4 5 0.0778881
4 6 0.0688801
4 7 0.0545656
4 8 0.0371432
4 9 0.0185072
4 10 0
5 0 0
5 1 0.0445807
5 2 0.0806397
5 3 0.10517
5 4 0.11652
5 5 0.114828
5 6 0.10195
5 7 0.0809034
5 8 0.0550662
5 9 0.0274085
5 10 0
6 0 0
6 1 0.0615434
6 2 0.112177
6 3 0.147579
6 4 0.164848
6 5 0.163555
6 6 0.145901
6 7 0.11606
6 8 0.0790141
6 9 0.0392862
6 10 0
7 0 0
7 1 0.0822038
7 2 0.150938
7 3 0.200207
7 4 0.225408
7 5 0.225208
7 6 0.201998
7 7 0.161214
7 8 0.109857
7 9 0.0545767
7 10 0
8 0 0
8 1 0.106235
8 2 0.196268
8 3 0.26207
8 4 0.297028
8 5 0.298729
8 6 0.269557
8 7 0.21609
8 8 0.147551
8 9 0.0732885
8 10 0
9 0 0
9 1 0.132728
9 2 0.246251
9 3 0.330189
9 4 0.375942
9 5 0.380206
9 6 0.345241
9 7 0.278332
9 8 0.190712
9 9 0.0948008
9 10 0
10 0 0
10 1 0.16029
10 2 0.29794
10 3 0.399995
10 4 0.456329
10 5 0.463395
10 6 0.423379
10 7 0.343609
10 8 0.236609
10 9 0.117845
10 10 0
11 0 0
11 1 0.187325
11 2 0.348021
11 3 0.466505
11 4 0.531956
11 5 0.541527
11 6 0.497558
11 7 0.406717
11 8 0.281772
11 9 0.14076
11 10 0
12 0 0
12 1 0.2124
12 2 0.393653
12 3 0.525715
12 4 0.598053
12 5 0.609444
12 6 0.562651
12 7 0.463174
12 8 0.322992
12 9 0.161945
12 10 0
13 0 0
13 1 0.234566
13 2 0.433103
13 3 0.575476
13 4 0.652347
13 5 0.664754
13 6 0.616071
13 7 0.510388
13 8 0.358185
13 9 0.180285
13 10 0
14 0 0
14 1 0.253542
14 2 0.465961
14 3 0.615553
14 4 0.694904
14 5 0.707615
14 6 0.657722
14 7 0.547873
14 8 0.386701
14 9 0.195359
14 10 0
15 0 0
15 1 0.269811
15 2 0.493044
15 3 0.647089
15 4 0.727203
15 5 0.739678
15 6 0.689131
15 7 0.576739
15 8 0.409179
15 9 0.207426
15 10 0
16 0 0
16 1 0.284871
16 2 0.516317
16 3 0.67188
16 4 0.75093
16 5 0.762806
16 6 0.712386
16 7 0.599149
16 8 0.427327
16 9 0.217474
16 10 0
17 0 0
17 1 0.302259
17 2 0.539364
17 3 0.691554
17 4 0.766362
17 5 0.777426
17 6 0.729329
17 7 0.618058
17 8 0.444874
17 9 0.227522
17 10 0
18 0 0
18 1 0.331315
18 2 0.569204
18 3 0.706193
18 4 0.769053
18 5 0.779208
18 6 0.739437
18 7 0.6401
18 8 0.468499
18 9 0.245511
18 10 0
19 0 0
19 1 0.401308
19 2 0.621576
19 3 0.706088
19 4 0.744928
19 5 0.7529
19 6 0.73094
19 7 0.669124
19 8 0.542155
19 9 0.281242
19 10 0
20 0 0
20 1 0.666667
20 2 0.666667
20 3 0.666667
20 4 0.666667
20 5 0.666667
20 6 0.666667
20 7 0.666667
20 8 0.666667
20 9 0.666667
20 10 0
