0 0 0
0 1 0
0 2 0
0 3 0
0 4 0
0 5 0
0 6 0
0 7 0
0 8 0
0 9 0
0 10 0
1 0 0
1 1 0.00754475
1 2 0.0133998
1 3 0.0171185
1 4 0.0186157
1 5 0.0180884
1 6 0.0159256
1 7 0.012604
1 8 0.00859374
1 9 0.00429336
1 10 0
2 0 0
2 1 0.0160111
2 2 0.0285474
2 3 0.0366301
2 4 0.0399891
2 5 0.0389676
2 6 0.034363
2 7 0.0272063
2 8 0.0185405
2 9 0.00925459
2 10 0
3 0 0
3 1 0.0262836
3 2 0.0471266
3 3 0.0608559
3 4 0.0668196
3 5 0.065396
3 6 0.0578175
3 7 0.0458155
3 8 0.0312081
3 9 0.0155616
3 10 0
4 0 0
4 1 0.0391737
4 2 0.0707208
4 3 0.0920382
4 4 0.101782
4 5 0.100169
4 6 0.0888717
4 7 0.0705218
4 8 0.0480227
4 9 0.0239187
4 10 0
5 0 0
5 1 0.0553297
5 2 0.100642
5 3 0.132103
5 4 0.147257
5 5 0.145861
5 6 0.129977
5 7 0.103352
5 8 0.0703782
5 9 0.0350122
5 10 0
6 0 0
6 1 0.0750878
6 2 0.137607
6 3 0.182147
6 4 0.204673
6 5 0.204136
6 6 0.182846
6 7 0.145814
6 8 0.0993513
6 9 0.0493768
6 10 0
7 0 0
7 1 0.0983047
7 2 0.181344
7 3 0.241773
7 4 0.273604
7 5 0.274725
7 6 0.247505
7 7 0.198169
7 8 0.135238
7 9 0.0671805
7 10 0
8 0 0
8 1 0.124252
8 2 0.230325
8 3 0.308609
8 4 0.351068
8 5 0.354589
8 6 0.321437
8 7 0.258715
8 8 0.177083
8 9 0.0880039
8 10 0
9 0 0
9 1 0.151662
9 2 0.281865
9 3 0.378475
9 4 0.431737
9 5 0.438045
9 6 0.399557
9 7 0.32364
9 8 0.222517
9 9 0.110756
9 10 0
10 0 0
10 1 0.17896
10 2 0.332672
10 3 0.446368
10 4 0.509304
10 5 0.51826
10 6 0.475467
10 7 0.387844
10 8 0.268197
10 9 0.133851
10 10 0
11 0 0
11 1 0.204621
11 2 0.379678
11 3 0.507874
11 4 0.578421
11 5 0.589437
11 6 0.543494
11 7 0.446487
11 8 0.310738
11 9 0.155622
11 10 0
12 0 0
12 1 0.227501
12 2 0.420757
12 3 0.560249
12 4 0.636055
12 5 0.648349
12 6 0.600264
12 7 0.496359
12 8 0.347662
12 9 0.174776
12 10 0
13 0 0
13 1 0.247053
13 2 0.455049
13 3 0.602706
13 4 0.681667
13 5 0.694507
13 6 0.645021
13 7 0.536371
13 8 0.377876
13 9 0.190665
13 10 0
14 0 0
14 1 0.263368
14 2 0.482881
14 3 0.636017
14 4 0.716478
14 5 0.729304
14 6 0.678921
14 7 0.567174
14 8 0.401576
14 9 0.203294
14 10 0
15 0 0
15 1 0.277195
15 2 0.505526
15 3 0.661843
15 4 0.742463
15 5 0.754881
15 6 0.704029
15 7 0.590457
15 8 0.419896
15 9 0.2132
15 10 0
16 0 0
16 1 0.290165
16 2 0.525123
16 3 0.682093
16 4 0.761331
16 5 0.773083
16 6 0.722464
16 7 0.608501
16 8 0.43471
16 9 0.221483
16 10 0
17 0 0
17 1 0.305838
17 2 0.545238
17 3 0.698276
17 4 0.773136
17 5 0.784075
17 6 0.735833
17 7 0.624113
17 8 0.449687
17 9 0.230152
17 10 0
18 0 0
18 1 0.333501
18 2 0.572754
18 3 0.710234
18 4 0.773119
18 5 0.78318
18 6 0.743295
18 7 0.643674
18 8 0.471348
18 9 0.247078
18 10 0
19 0 0
19 1 0.402335
19 2 0.623233
19 3 0.707985
19 4 0.746852
19 5 0.754778
19 6 0.732742
19 7 0.670767
19 8 0.543456
19 9 0.281964
19 10 0
20 0 0
20 1 0.666667
20 2 0.666667
20 3 0.666667
20 4 0.666667
20 5 0.666667
20 6 0.666667
20 7 0.666667
20 8 0.666667
20 9 0.666667
20 10 0
