0 0 0
0 1 0
0 2 0
0 3 0
0 4 0
0 5 0
0 6 0
0 7 0
0 8 0
0 9 0
0 10 0
1 0 0
1 1 0.0305647
1 2 0.0560939
1 3 0.0745632
1 4 0.0843073
1 5 0.0847156
1 6 0.0765155
1 7 0.0615757
1 8 0.0423515
1 9 0.0212227
1 10 0
2 0 0
2 1 0.0624109
2 2 0.115237
2 3 0.154149
2 4 0.175302
2 5 0.177
2 6 0.160394
2 7 0.129225
2 8 0.0887749
2 9 0.0443674
2 10 0
3 0 0
3 1 0.0958158
3 2 0.177926
3 3 0.239349
3 4 0.273648
3 5 0.277737
3 6 0.252848
3 7 0.204327
3 8 0.14044
3 9 0.0700735
3 10 0
4 0 0
4 1 0.129943
4 2 0.242154
4 3 0.326685
4 4 0.374621
4 5 0.381814
4 6 0.34943
4 7 0.283763
4 8 0.195577
4 9 0.0975837
4 10 0
5 0 0
5 1 0.163194
5 2 0.304344
5 3 0.410362
5 4 0.470604
5 5 0.480845
5 6 0.442362
5 7 0.361489
5 8 0.250343
5 9 0.125122
5 10 0
6 0 0
6 1 0.193794
6 2 0.360756
6 3 0.484745
6 4 0.554545
6 5 0.567097
6 6 0.524128
6 7 0.431219
6 8 0.300441
6 9 0.15061
6 10 0
7 0 0
7 1 0.220346
7 2 0.408733
7 3 0.54634
7 4 0.62254
7 5 0.636397
7 6 0.590379
7 7 0.488846
7 8 0.34274
7 9 0.172434
7 10 0
8 0 0
8 1 0.242155
8 2 0.447253
8 3 0.594359
8 4 0.674257
8 5 0.688553
8 6 0.640551
8 7 0.533286
8 8 0.376037
8 9 0.189857
8 10 0
9 0 0
9 1 0.259237
9 2 0.476745
9 3 0.630073
9 4 0.711791
9 5 0.725968
9 6 0.676682
9 7 0.565775
9 8 0.400819
9 9 0.20299
9 10 0
10 0 0
10 1 0.272122
10 2 0.498528
10 3 0.655764
10 4 0.738182
10 5 0.75197
10 6 0.701835
10 7 0.588653
10 8 0.41852
10 9 0.212467
10 10 0
11 0 0
11 1 0.281596
11 2 0.514252
11 3 0.673882
11 4 0.756418
11 5 0.769732
11 6 0.719012
11 7 0.604402
11 8 0.430833
11 9 0.219111
11 10 0
12 0 0
12 1 0.288507
12 2 0.525531
12 3 0.686605
12 4 0.76898
12 5 0.781827
12 6 0.730684
12 7 0.615157
12 8 0.439306
12 9 0.223709
12 10 0
13 0 0
13 1 0.29366
13 2 0.533786
13 3 0.695699
13 4 0.777766
13 5 0.790173
13 6 0.738712
13 7 0.622583
13 8 0.445191
13 9 0.226918
13 10 0
14 0 0
14 1 0.297831
14 2 0.540256
14 3 0.702545
14 4 0.784148
14 5 0.796119
14 6 0.74443
14 7 0.627927
14 8 0.449476
14 9 0.229274
14 10 0
15 0 0
15 1 0.301899
15 2 0.546143
15 3 0.708218
15 4 0.789009
15 5 0.800503
15 6 0.74876
15 7 0.632173
15 8 0.453032
15 9 0.231273
15 10 0
16 0 0
16 1 0.307279
16 2 0.55297
16 3 0.713506
16 4 0.79254
16 5 0.803484
16 6 0.752234
16 7 0.636353
16 8 0.45695
16 9 0.233666
16 10 0
17 0 0
17 1 0.317132
17 2 0.563464
17 3 0.718681
17 4 0.793298
17 5 0.803621
17 6 0.754905
17 7 0.64195
17 8 0.463974
17 9 0.238006
17 10 0
18 0 0
18 1 0.340295
18 2 0.583647
18 3 0.722421
18 4 0.785185
18 5 0.794848
18 6 0.754586
18 7 0.654157
18 8 0.479743
18 9 0.25171
18 10 0
19 0 0
19 1 0.405502
19 2 0.628286
19 3 0.713692
19 4 0.752562
19 5 0.760304
19 6 0.738024
19 7 0.675582
19 8 0.547279
19 9 0.284089
19 10 0
20 0 0
20 1 0.666667
20 2 0.666667
20 3 0.666667
20 4 0.666667
20 5 0.666667
20 6 0.666667
20 7 0.666667
20 8 0.666667
20 9 0.666667
20 10 0
