0 0 0
0 1 0
0 2 0
0 3 0
0 4 0
0 5 0
0 6 0
0 7 0
0 8 0
0 9 0
0 10 0
1 0 0
1 1 0.00221279
1 2 0.00387854
1 3 0.00487614
1 4 0.00522058
1 5 0.00500616
1 6 0.00436387
1 7 0.0034307
1 8 0.00233011
1 9 0.00116202
1 10 0
2 0 0
2 1 0.00476696
2 2 0.00836987
2 3 0.0105436
2 4 0.0113088
2 5 0.0108593
2 6 0.00947429
2 7 0.00745117
2 8 0.00506091
2 9 0.00252346
2 10 0
3 0 0
3 1 0.0080371
3 2 0.0141504
3 3 0.0178822
3 4 0.019236
3 5 0.0185132
3 6 0.0161754
3 7 0.01273
3 8 0.00864735
3 9 0.00431094
3 10 0
4 0 0
4 1 0.012463
4 2 0.0220263
4 3 0.0279587
4 4 0.030198
4 5 0.0291551
4 6 0.0255252
4 7 0.0201078
4 8 0.0136612
4 9 0.0068088
4 10 0
5 0 0
5 1 0.0185709
5 2 0.0329835
5 3 0.0421077
5 4 0.0457208
5 5 0.0443233
5 6 0.0389074
5 7 0.0306877
5 8 0.0208525
5 9 0.010389
5 10 0
6 0 0
6 1 0.026972
6 2 0.0481965
6 3 0.061964
6 4 0.0677196
6 5 0.0659841
6 6 0.0581118
6 7 0.0459044
6 8 0.0311965
6 9 0.0155336
6 10 0
7 0 0
7 1 0.0383191
7 2 0.0689604
7 3 0.0893881
7 4 0.0984365
7 5 0.0964937
7 6 0.0853193
7 7 0.0675216
7 8 0.0458937
7 9 0.0228339
7 10 0
8 0 0
8 1 0.0532063
8 2 0.0964969
8 3 0.126199
8 4 0.140139
8 5 0.138313
8 6 0.122871
8 7 0.0974683
8 8 0.0662671
8 9 0.0329401
8 10 0
9 0 0
9 1 0.0720052
9 2 0.131612
9 3 0.17365
9 4 0.194467
9 5 0.193331
9 6 0.172677
9 7 0.137401
9 8 0.0934852
9 9 0.0464303
9 10 0
10 0 0
10 1 0.0946719
10 2 0.174253
10 3 0.231696
10 4 0.261459
10 5 0.261795
10 6 0.235247
10 7 0.187958
10 8 0.128091
10 9 0.06359
10 10 0
11 0 0
11 1 0.120601
11 2 0.223154
11 3 0.298367
11 4 0.338656
11 5 0.341257
11 6 0.308642
11 7 0.24792
11 8 0.169456
11 9 0.084158
11 10 0
12 0 0
12 1 0.148628
12 2 0.275808
12 3 0.369707
12 4 0.420986
12 5 0.426339
12 6 0.388127
12 7 0.313818
12 8 0.215474
12 9 0.107178
12 10 0
13 0 0
13 1 0.177243
13 2 0.32896
13 3 0.440627
13 4 0.501939
13 5 0.50998
13 6 0.467163
13 7 0.380537
13 8 0.26286
13 9 0.131112
13 10 0
14 0 0
14 1 0.204998
14 2 0.379491
14 3 0.50637
14 4 0.57556
14 5 0.585688
14 6 0.539493
14 7 0.442879
14 8 0.308076
14 9 0.154253
14 10 0
15 0 0
15 1 0.231025
15 2 0.425367
15 3 0.563809
15 4 0.638052
15 5 0.649367
15 6 0.601036
15 7 0.497221
15 8 0.348515
15 9 0.175296
15 10 0
16 0 0
16 1 0.255686
16 2 0.466391
16 3 0.611891
16 4 0.687937
16 5 0.699549
16 6 0.650458
16 7 0.542515
16 8 0.383425
16 9 0.193949
16 10 0
17 0 0
17 1 0.28182
17 2 0.505007
17 3 0.651058
17 4 0.72446
17 5 0.735684
17 6 0.688459
17 7 0.580375
17 8 0.415299
17 9 0.211514
17 10 0
18 0 0
18 1 0.31853
18 2 0.548024
18 3 0.681496
18 4 0.743659
18 5 0.754058
18 6 0.714949
18 7 0.617533
18 8 0.450655
18 9 0.235764
18 10 0
19 0 0
19 1 0.395217
19 2 0.611592
19 3 0.694426
19 4 0.732882
19 5 0.740993
19 6 0.71947
19 7 0.658694
19 8 0.533932
19 9 0.276698
19 10 0
20 0 0
20 1 0.666667
20 2 0.666667
20 3 0.666667
20 4 0.666667
20 5 0.666667
20 6 0.666667
20 7 0.666667
20 8 0.666667
20 9 0.666667
20 10 0
