0 0 0
0 1 0
0 2 0
0 3 0
0 4 0
0 5 0
0 6 0
0 7 0
0 8 0
0 9 0
0 10 0
1 0 0
1 1 0.030455
1 2 0.0558859
1 3 0.0742758
1 4 0.0839696
1 5 0.0843643
1 6 0.0761892
1 7 0.0613078
1 8 0.042165
1 9 0.0211288
1 10 0
2 0 0
2 1 0.0621965
2 2 0.114828
2 3 0.153581
2 4 0.174631
2 5 0.176298
2 6 0.159738
2 7 0.128684
2 8 0.0883985
2 9 0.0441784
2 10 0
3 0 0
3 1 0.0955113
3 2 0.177345
3 3 0.238541
3 4 0.272692
3 5 0.276733
3 6 0.251902
3 7 0.20354
3 8 0.13989
3 9 0.0697971
3 10 0
4 0 0
4 1 0.129574
4 2 0.241454
4 3 0.325721
4 4 0.37349
4 5 0.380623
4 6 0.348297
4 7 0.282808
4 8 0.194901
4 9 0.0972424
4 10 0
5 0 0
5 1 0.162796
5 2 0.303598
5 3 0.409353
5 4 0.469436
5 5 0.47962
5 6 0.441185
5 7 0.360479
5 8 0.249616
5 9 0.124751
5 10 0
6 0 0
6 1 0.193402
6 2 0.360034
6 3 0.483794
6 4 0.553467
6 5 0.565974
6 6 0.52304
6 7 0.430266
6 8 0.299741
6 9 0.150249
6 10 0
7 0 0
7 1 0.219988
7 2 0.408089
7 3 0.545516
7 4 0.621627
7 5 0.635456
7 6 0.589461
7 7 0.488028
7 8 0.342125
7 9 0.172112
7 10 0
8 0 0
8 1 0.241849
8 2 0.446715
8 3 0.59369
8 4 0.673535
8 5 0.687816
8 6 0.639828
8 7 0.532631
8 8 0.375535
8 9 0.189591
8 10 0
9 0 0
9 1 0.258989
9 2 0.476317
9 3 0.629556
9 4 0.711245
9 5 0.725417
9 6 0.67614
9 7 0.565277
9 8 0.400432
9 9 0.202782
9 10 0
10 0 0
10 1 0.271928
10 2 0.498201
10 3 0.655378
10 4 0.737783
10 5 0.751572
10 6 0.701442
10 7 0.588288
10 8 0.418233
10 9 0.212312
10 10 0
11 0 0
11 1 0.28145
11 2 0.51401
11 3 0.673601
11 4 0.756132
11 5 0.76945
11 6 0.718733
11 7 0.604141
11 8 0.430627
11 9 0.218999
11 10 0
12 0 0
12 1 0.288399
12 2 0.525355
12 3 0.686405
12 4 0.768779
12 5 0.781629
12 6 0.73049
12 7 0.614975
12 8 0.43916
12 9 0.223629
12 10 0
13 0 0
13 1 0.293583
13 2 0.533661
13 3 0.695558
13 4 0.777626
13 5 0.790036
13 6 0.738578
13 7 0.622456
13 8 0.44509
13 9 0.226862
13 10 0
14 0 0
14 1 0.297776
14 2 0.540168
14 3 0.702447
14 4 0.784052
14 5 0.796026
14 6 0.744338
14 7 0.62784
14 8 0.449406
14 9 0.229235
14 10 0
15 0 0
15 1 0.301861
15 2 0.546082
15 3 0.70815
15 4 0.788943
15 5 0.800439
15 6 0.748698
15 7 0.632114
15 8 0.452985
15 9 0.231247
15 10 0
16 0 0
16 1 0.307253
16 2 0.552929
16 3 0.713461
16 4 0.792496
16 5 0.803442
16 6 0.752193
16 7 0.636314
16 8 0.456919
16 9 0.233648
16 10 0
17 0 0
17 1 0.317116
17 2 0.563438
17 3 0.718652
17 4 0.793269
17 5 0.803593
17 6 0.754878
17 7 0.641925
17 8 0.463953
17 9 0.237994
17 10 0
18 0 0
18 1 0.340285
18 2 0.583631
18 3 0.722404
18 4 0.785168
18 5 0.794831
18 6 0.75457
18 7 0.654143
18 8 0.479731
18 9 0.251704
18 10 0
19 0 0
19 1 0.405497
19 2 0.628279
19 3 0.713684
19 4 0.752554
19 5 0.760297
19 6 0.738017
19 7 0.675575
19 8 0.547274
19 9 0.284086
19 10 0
20 0 0
20 1 0.666667
20 2 0.666667
20 3 0.666667
20 4 0.666667
20 5 0.666667
20 6 0.666667
20 7 0.666667
20 8 0.666667
20 9 0.666667
20 10 0
