0 0 0
0 1 0
0 2 0
0 3 0
0 4 0
0 5 0
0 6 0
0 7 0
0 8 0
0 9 0
0 10 0
1 0 0
1 1 0.00538148
1 2 0.00951452
1 3 0.012089
1 4 0.0130778
1 5 0.0126527
1 6 0.0111051
1 7 0.00877167
1 8 0.00597477
1 9 0.00298385
1 10 0
2 0 0
2 1 0.0114774
2 2 0.0203562
2 3 0.0259565
2 4 0.0281691
2 5 0.0273173
2 6 0.0240079
2 7 0.0189708
2 8 0.0129179
2 9 0.00644747
2 10 0
3 0 0
3 1 0.0190109
3 2 0.0338768
3 3 0.0434296
3 4 0.0473609
3 5 0.046097
3 6 0.0406012
3 7 0.0321078
3 8 0.0218577
3 9 0.0109016
3 10 0
4 0 0
4 1 0.0287168
4 2 0.0514818
4 3 0.0664568
4 4 0.072931
4 5 0.0713295
4 6 0.0630145
4 7 0.0498921
4 8 0.0339577
4 9 0.0169219
4 10 0
5 0 0
5 1 0.0412993
5 2 0.0745639
5 3 0.097035
5 4 0.107287
5 5 0.10555
5 6 0.0936013
5 7 0.0742324
5 8 0.0505191
5 9 0.0251494
5 10 0
6 0 0
6 1 0.0573281
6 2 0.104296
6 3 0.136912
6 4 0.152614
6 5 0.151147
6 6 0.134653
6 7 0.107031
6 8 0.0728522
6 9 0.0362287
6 10 0
7 0 0
7 1 0.077077
7 2 0.141279
7 3 0.187031
7 4 0.210171
7 5 0.209615
7 6 0.187737
7 7 0.149687
7 8 0.101963
7 9 0.0506599
7 10 0
8 0 0
8 1 0.100349
8 2 0.185138
8 3 0.246846
8 4 0.279351
8 5 0.280504
8 6 0.25272
8 7 0.202342
8 8 0.138071
8 9 0.068575
8 10 0
9 0 0
9 1 0.12637
9 2 0.234254
9 3 0.313847
9 4 0.357
9 5 0.360588
9 6 0.326916
9 7 0.263162
9 8 0.180136
9 9 0.0895149
9 10 0
10 0 0
10 1 0.153844
10 2 0.285877
10 3 0.383758
10 4 0.437667
10 5 0.444048
10 6 0.405104
10 7 0.328223
10 8 0.225715
10 9 0.112353
10 10 0
11 0 0
11 1 0.181191
11 2 0.336703
11 3 0.451557
11 4 0.515024
11 5 0.524025
11 6 0.480849
11 7 0.39238
11 8 0.271426
11 9 0.135484
11 10 0
12 0 0
12 1 0.206911
12 2 0.383709
12 3 0.512893
12 4 0.583806
12 5 0.594806
12 6 0.548547
12 7 0.450834
12 8 0.313903
12 9 0.157247
12 10 0
13 0 0
13 1 0.229928
13 2 0.424874
13 3 0.565143
13 4 0.64111
13 5 0.653302
13 6 0.604955
13 7 0.500484
13 8 0.350741
13 9 0.176384
13 10 0
14 0 0
14 1 0.249826
14 2 0.459505
14 3 0.607657
14 4 0.686502
14 5 0.69913
14 6 0.649442
14 7 0.540377
14 8 0.380964
14 9 0.192314
14 10 0
15 0 0
15 1 0.266978
15 2 0.488218
15 3 0.641329
15 4 0.721194
15 5 0.733666
15 6 0.683244
15 7 0.571341
15 8 0.404984
15 9 0.205175
15 10 0
16 0 0
16 1 0.282817
16 2 0.512879
16 3 0.667859
16 4 0.746806
16 5 0.758716
16 6 0.708375
16 7 0.595439
16 8 0.424409
16 9 0.215893
16 10 0
17 0 0
17 1 0.300861
17 2 0.537056
17 3 0.688895
17 4 0.763666
17 5 0.774771
17 6 0.72673
17 7 0.615643
17 8 0.442959
17 9 0.226477
17 10 0
18 0 0
18 1 0.330457
18 2 0.567803
18 3 0.70459
18 4 0.767433
18 5 0.777619
18 6 0.737893
18 7 0.638671
18 8 0.467361
18 9 0.244887
18 10 0
19 0 0
19 1 0.400903
19 2 0.620921
19 3 0.705335
19 4 0.744161
19 5 0.752149
19 6 0.730218
19 7 0.668467
19 8 0.541634
19 9 0.280953
19 10 0
20 0 0
20 1 0.666667
20 2 0.666667
20 3 0.666667
20 4 0.666667
20 5 0.666667
20 6 0.666667
20 7 0.666667
20 8 0.666667
20 9 0.666667
20 10 0
