0 0 0
0 1 0
0 2 0
0 3 0
0 4 0
0 5 0
0 6 0
0 7 0
0 8 0
0 9 0
0 10 0
1 0 0
1 1 0.00246998
1 2 0.00433325
1 3 0.00545393
1 4 0.00584577
1 5 0.0056113
1 6 0.00489533
1 7 0.00385082
1 8 0.0026165
1 9 0.00130513
1 10 0
2 0 0
2 1 0.00531504
2 2 0.0093419
2 3 0.0117831
2 4 0.0126541
2 5 0.0121645
2 6 0.0106221
2 7 0.00835888
2 8 0.00567955
2 9 0.00283245
2 10 0
3 0 0
3 1 0.00894385
3 2 0.0157663
3 3 0.0199542
3 4 0.0214961
3 5 0.0207138
3 6 0.0181149
3 7 0.0142652
3 8 0.00969345
3 9 0.00483313
3 10 0
4 0 0
4 1 0.0138303
4 2 0.0244791
4 3 0.0311272
4 4 0.0336775
4 5 0.0325603
4 6 0.0285357
4 7 0.0224936
4 8 0.0152867
4 9 0.00761958
4 10 0
5 0 0
5 1 0.0205315
5 2 0.0365298
5 3 0.0467319
5 4 0.050842
5 5 0.0493677
5 6 0.043385
5 7 0.034242
5 8 0.0232738
5 9 0.0115954
5 10 0
6 0 0
6 1 0.0296782
6 2 0.0531393
6 3 0.0684805
6 4 0.0750092
6 5 0.0732208
6 6 0.0645679
6 7 0.0510403
6 8 0.0346947
6 9 0.0172743
6 10 0
7 0 0
7 1 0.0419185
7 2 0.0756044
7 3 0.0982523
7 4 0.108463
7 5 0.106537
7 6 0.0943347
7 7 0.0747154
7 8 0.0507945
7 9 0.025269
7 10 0
8 0 0
8 1 0.0578008
8 2 0.105066
8 3 0.137764
8 4 0.153365
8 5 0.151691
8 6 0.134969
8 7 0.107165
8 8 0.0728804
8 9 0.0362221
8 10 0
9 0 0
9 1 0.0775991
9 2 0.142135
9 3 0.187982
9 4 0.211013
9 5 0.210227
9 6 0.188094
9 7 0.149838
9 8 0.101994
9 9 0.0506515
9 10 0
10 0 0
10 1 0.101125
10 2 0.186453
10 3 0.248387
10 4 0.280836
10 5 0.281747
10 6 0.25364
10 7 0.20294
10 8 0.138403
10 9 0.0687143
10 10 0
11 0 0
11 1 0.127614
11 2 0.236405
11 3 0.316454
11 4 0.359653
11 5 0.363001
11 6 0.328915
11 7 0.264654
11 8 0.181094
11 9 0.0899676
11 10 0
12 0 0
12 1 0.155775
12 2 0.28922
12 3 0.387828
12 4 0.44188
12 5 0.448022
12 6 0.408582
12 7 0.330988
12 8 0.227596
12 9 0.113278
12 10 0
13 0 0
13 1 0.184059
13 2 0.341582
13 3 0.45738
13 4 0.520998
13 5 0.529724
13 6 0.486001
13 7 0.396659
13 8 0.274459
13 9 0.137016
13 10 0
14 0 0
14 1 0.211077
14 2 0.390546
14 3 0.520701
14 4 0.591563
14 5 0.60218
14 6 0.555387
14 7 0.456761
14 8 0.318277
14 9 0.159517
14 10 0
15 0 0
15 1 0.236096
15 2 0.434397
15 3 0.575207
15 4 0.650512
15 5 0.66211
15 6 0.613418
15 7 0.508247
15 8 0.356792
15 9 0.17963
15 10 0
16 0 0
16 1 0.259634
16 2 0.473269
16 3 0.620348
16 4 0.69699
16 5 0.708727
16 6 0.659427
16 7 0.550633
16 8 0.389639
16 9 0.197248
16 10 0
17 0 0
17 1 0.284655
17 2 0.509848
17 3 0.656877
17 4 0.730583
17 5 0.741839
17 6 0.694484
17 7 0.585892
17 8 0.419589
17 9 0.21382
17 10 0
18 0 0
18 1 0.320334
18 2 0.551051
18 3 0.685083
18 4 0.7474
18 5 0.757794
18 6 0.71859
18 7 0.620875
18 8 0.453281
18 9 0.237192
18 10 0
19 0 0
19 1 0.396084
19 2 0.613029
19 3 0.696128
19 4 0.734661
19 5 0.742764
19 6 0.72118
19 7 0.660246
19 8 0.535151
19 9 0.277369
19 10 0
20 0 0
20 1 0.666667
20 2 0.666667
20 3 0.666667
20 4 0.666667
20 5 0.666667
20 6 0.666667
20 7 0.666667
20 8 0.666667
20 9 0.666667
20 10 0
