0 0 0
0 1 0
0 2 0
0 3 0
0 4 0
0 5 0
0 6 0
0 7 0
0 8 0
0 9 0
0 10 0
1 0 0
1 1 0.00371739
1 2 0.00654594
1 3 0.00827655
1 4 0.00891127
1 5 0.00858735
1 6 0.00751462
1 7 0.00592406
1 8 0.0040307
1 9 0.00201198
1 10 0
2 0 0
2 1 0.00796424
2 2 0.0140588
2 3 0.0178255
2 4 0.0192408
2 5 0.0185762
2 6 0.0162737
2 7 0.0128342
2 8 0.00873112
2 9 0.00435665
2 10 0
3 0 0
3 1 0.0132991
3 2 0.0235652
3 3 0.0300093
3 4 0.0325202
3 5 0.031491
3 6 0.0276382
3 7 0.0218128
3 8 0.0148382
3 9 0.00740064
3 10 0
4 0 0
4 1 0.0203335
4 2 0.0362123
4 3 0.0463844
4 4 0.0505334
4 5 0.049134
4 6 0.0432324
4 7 0.0341567
4 8 0.0232341
4 9 0.0115815
4 10 0
5 0 0
5 1 0.0297279
5 2 0.0532741
5 3 0.068731
5 4 0.0753747
5 5 0.0736643
5 6 0.0650278
5 7 0.0514492
5 8 0.0349957
5 9 0.0174314
5 10 0
6 0 0
6 1 0.04214
6 2 0.0760624
6 3 0.0989457
6 4 0.109345
6 5 0.107515
6 6 0.0952897
6 7 0.0755295
6 8 0.0513768
6 9 0.0255673
6 10 0
7 0 0
7 1 0.0581104
7 2 0.105701
7 3 0.138717
7 4 0.15457
7 5 0.153021
7 6 0.136264
7 7 0.108266
7 8 0.0736649
7 9 0.0366223
7 10 0
8 0 0
8 1 0.077894
8 2 0.142758
8 3 0.188947
8 4 0.212265
8 5 0.211639
8 6 0.189492
8 7 0.15104
8 8 0.102855
8 9 0.0510919
8 10 0
9 0 0
9 1 0.101279
9 2 0.18683
9 3 0.249049
9 4 0.281774
9 5 0.282873
9 6 0.254803
9 7 0.203972
9 8 0.139157
9 9 0.0691033
9 10 0
10 0 0
10 1 0.127478
10 2 0.236266
10 3 0.316458
10 4 0.359874
10 5 0.363422
10 6 0.329449
10 7 0.265184
10 8 0.181507
10 9 0.090188
10 10 0
11 0 0
11 1 0.155186
11 2 0.288288
11 3 0.386841
11 4 0.441029
11 5 0.447373
11 6 0.408124
11 7 0.33069
11 8 0.227424
11 9 0.113203
11 10 0
12 0 0
12 1 0.182828
12 2 0.339581
12 3 0.455139
12 4 0.518852
12 5 0.527793
12 6 0.48432
12 7 0.395288
12 8 0.273492
12 9 0.136528
12 10 0
13 0 0
13 1 0.208939
13 2 0.387158
13 3 0.517009
13 4 0.588059
13 5 0.598945
13 6 0.552407
13 7 0.454157
13 8 0.316334
13 9 0.1585
13 10 0
14 0 0
14 1 0.232552
14 2 0.429112
14 3 0.569889
14 4 0.645769
14 5 0.657751
14 6 0.60917
14 7 0.504246
14 8 0.353596
14 9 0.177894
14 10 0
15 0 0
15 1 0.253515
15 2 0.465017
15 3 0.613228
15 4 0.691518
15 5 0.703794
15 6 0.654035
15 7 0.544748
15 8 0.38449
15 9 0.194243
15 10 0
16 0 0
16 1 0.272891
16 2 0.496091
16 3 0.647981
16 4 0.726195
16 5 0.738151
16 6 0.68822
16 7 0.576884
16 8 0.409908
16 9 0.208078
16 10 0
17 0 0
17 1 0.294014
17 2 0.525662
17 3 0.675635
17 4 0.750097
17 5 0.761337
17 6 0.713577
17 7 0.60346
17 8 0.43334
17 9 0.221248
17 10 0
18 0 0
18 1 0.326219
18 2 0.560841
18 3 0.696557
18 4 0.759251
18 5 0.769562
18 6 0.730054
18 7 0.631428
18 8 0.461611
18 9 0.241736
18 10 0
19 0 0
19 1 0.398896
19 2 0.617654
19 3 0.701553
19 4 0.740285
19 5 0.748337
19 6 0.726552
19 7 0.665129
19 8 0.538997
19 9 0.279493
19 10 0
20 0 0
20 1 0.666667
20 2 0.666667
20 3 0.666667
20 4 0.666667
20 5 0.666667
20 6 0.666667
20 7 0.666667
20 8 0.666667
20 9 0.666667
20 10 0
