0 0 0
0 1 0
0 2 0
0 3 0
0 4 0
0 5 0
0 6 0
0 7 0
0 8 0
0 9 0
0 10 0
1 0 0
1 1 0.0300194
1 2 0.0550604
1 3 0.0731359
1 4 0.0826309
1 5 0.0829725
1 6 0.074897
1 7 0.0602473
1 8 0.0414271
1 9 0.0207572
1 10 0
2 0 0
2 1 0.0613446
2 2 0.113204
2 3 0.151326
2 4 0.171968
2 5 0.173514
2 6 0.157138
2 7 0.126542
2 8 0.0869082
2 9 0.0434304
2 10 0
3 0 0
3 1 0.0943002
3 2 0.175031
3 3 0.235329
3 4 0.268895
3 5 0.272744
3 6 0.248145
3 7 0.200419
3 8 0.137707
3 9 0.068701
3 10 0
4 0 0
4 1 0.128107
4 2 0.238665
4 3 0.321882
4 4 0.36898
4 5 0.375878
4 6 0.343787
4 7 0.279008
4 8 0.192213
4 9 0.0958862
4 10 0
5 0 0
5 1 0.161209
5 2 0.300618
5 3 0.405323
5 4 0.46477
5 5 0.474726
5 6 0.436486
5 7 0.356451
5 8 0.246718
5 9 0.123275
5 10 0
6 0 0
6 1 0.191835
6 2 0.357147
6 3 0.479987
6 4 0.549148
6 5 0.561475
6 6 0.518682
6 7 0.426457
6 8 0.296944
6 9 0.148806
6 10 0
7 0 0
7 1 0.218557
7 2 0.405509
7 3 0.54221
7 4 0.617967
7 5 0.63168
7 6 0.585777
7 7 0.484745
7 8 0.339664
7 9 0.170824
7 10 0
8 0 0
8 1 0.240622
8 2 0.444554
8 3 0.591002
8 4 0.670631
8 5 0.684853
8 6 0.636922
8 7 0.529998
8 8 0.373523
8 9 0.188524
8 10 0
9 0 0
9 1 0.257991
9 2 0.474597
9 3 0.627475
9 4 0.709048
9 5 0.7232
9 6 0.673958
9 7 0.563274
9 8 0.398876
9 9 0.201948
9 10 0
10 0 0
10 1 0.271151
10 2 0.496886
10 3 0.653823
10 4 0.736174
10 5 0.749965
10 6 0.699859
10 7 0.58682
10 8 0.417078
10 9 0.211687
10 10 0
11 0 0
11 1 0.280863
11 2 0.513033
11 3 0.672469
11 4 0.75498
11 5 0.76831
11 6 0.71761
11 7 0.603093
11 8 0.429794
11 9 0.218545
11 10 0
12 0 0
12 1 0.287968
12 2 0.524646
12 3 0.685596
12 4 0.767967
12 5 0.780833
12 6 0.729705
12 7 0.614239
12 8 0.438572
12 9 0.223308
12 10 0
13 0 0
13 1 0.293273
13 2 0.533156
13 3 0.694988
13 4 0.777061
13 5 0.789485
13 6 0.738036
13 7 0.621946
13 8 0.444681
13 9 0.226638
13 10 0
14 0 0
14 1 0.297557
14 2 0.539814
14 3 0.702051
14 4 0.783662
14 5 0.795648
14 6 0.743967
14 7 0.627491
14 8 0.449125
14 9 0.229081
14 10 0
15 0 0
15 1 0.301709
15 2 0.545837
15 3 0.707879
15 4 0.788678
15 5 0.800183
15 6 0.748447
15 7 0.631878
15 8 0.452795
15 9 0.231142
15 10 0
16 0 0
16 1 0.30715
16 2 0.552764
16 3 0.713279
16 4 0.792319
16 5 0.803271
16 6 0.752026
16 7 0.636157
16 8 0.456792
16 9 0.233578
16 10 0
17 0 0
17 1 0.317048
17 2 0.563331
17 3 0.718534
17 4 0.793155
17 5 0.803483
17 6 0.754771
17 7 0.641824
17 8 0.463872
17 9 0.237949
17 10 0
18 0 0
18 1 0.340245
18 2 0.583568
18 3 0.722333
18 4 0.785099
18 5 0.794765
18 6 0.754506
18 7 0.654083
18 8 0.479683
18 9 0.251677
18 10 0
19 0 0
19 1 0.405478
19 2 0.62825
19 3 0.713651
19 4 0.752521
19 5 0.760265
19 6 0.737987
19 7 0.675548
19 8 0.547252
19 9 0.284074
19 10 0
20 0 0
20 1 0.666667
20 2 0.666667
20 3 0.666667
20 4 0.666667
20 5 0.666667
20 6 0.666667
20 7 0.666667
20 8 0.666667
20 9 0.666667
20 10 0
