0 0 0
0 1 0
0 2 0
0 3 0
0 4 0
0 5 0
0 6 0
0 7 0
0 8 0
0 9 0
0 10 0
1 0 0
1 1 0.030607
1 2 0.056174
1 3 0.0746739
1 4 0.0844374
1 5 0.0848509
1 6 0.0766413
1 7 0.061679
1 8 0.0424234
1 9 0.0212589
1 10 0
2 0 0
2 1 0.0624935
2 2 0.115394
2 3 0.154367
2 4 0.17556
2 5 0.177271
2 6 0.160647
2 7 0.129433
2 8 0.0889199
2 9 0.0444402
2 10 0
3 0 0
3 1 0.095933
3 2 0.17815
3 3 0.23966
3 4 0.274015
3 5 0.278124
3 6 0.253212
3 7 0.204629
3 8 0.140652
3 9 0.07018
3 10 0
4 0 0
4 1 0.130084
4 2 0.242424
4 3 0.327056
4 4 0.375057
4 5 0.382273
4 6 0.349866
4 7 0.28413
4 8 0.195837
4 9 0.0977151
4 10 0
5 0 0
5 1 0.163347
5 2 0.304631
5 3 0.41075
5 4 0.471053
5 5 0.481317
5 6 0.442814
5 7 0.361878
5 8 0.250623
5 9 0.125264
5 10 0
6 0 0
6 1 0.193944
6 2 0.361034
6 3 0.485111
6 4 0.55496
6 5 0.567529
6 6 0.524547
6 7 0.431584
6 8 0.30071
6 9 0.150749
6 10 0
7 0 0
7 1 0.220483
7 2 0.408981
7 3 0.546657
7 4 0.62289
7 5 0.636758
7 6 0.590732
7 7 0.489161
7 8 0.342976
7 9 0.172557
7 10 0
8 0 0
8 1 0.242272
8 2 0.44746
8 3 0.594615
8 4 0.674534
8 5 0.688836
8 6 0.640829
8 7 0.533537
8 8 0.376229
8 9 0.189959
8 10 0
9 0 0
9 1 0.259333
9 2 0.476909
9 3 0.630272
9 4 0.712
9 5 0.726179
9 6 0.67689
9 7 0.565966
9 8 0.400967
9 9 0.203069
9 10 0
10 0 0
10 1 0.272196
10 2 0.498653
10 3 0.655912
10 4 0.738335
10 5 0.752123
10 6 0.701986
10 7 0.588793
10 8 0.41863
10 9 0.212526
10 10 0
11 0 0
11 1 0.281652
11 2 0.514345
11 3 0.67399
11 4 0.756527
11 5 0.769841
11 6 0.719119
11 7 0.604501
11 8 0.430912
11 9 0.219154
11 10 0
12 0 0
12 1 0.288548
12 2 0.525599
12 3 0.686682
12 4 0.769057
12 5 0.781903
12 6 0.730759
12 7 0.615227
12 8 0.439362
12 9 0.22374
12 10 0
13 0 0
13 1 0.29369
13 2 0.533834
13 3 0.695753
13 4 0.77782
13 5 0.790225
13 6 0.738764
13 7 0.622631
13 8 0.44523
13 9 0.226939
13 10 0
14 0 0
14 1 0.297852
14 2 0.54029
14 3 0.702583
14 4 0.784185
14 5 0.796155
14 6 0.744465
14 7 0.62796
14 8 0.449503
14 9 0.229288
14 10 0
15 0 0
15 1 0.301914
15 2 0.546166
15 3 0.708244
15 4 0.789034
15 5 0.800527
15 6 0.748784
15 7 0.632196
15 8 0.45305
15 9 0.231283
15 10 0
16 0 0
16 1 0.307289
16 2 0.552986
16 3 0.713524
16 4 0.792557
16 5 0.8035
16 6 0.75225
16 7 0.636368
16 8 0.456962
16 9 0.233672
16 10 0
17 0 0
17 1 0.317139
17 2 0.563474
17 3 0.718692
17 4 0.793309
17 5 0.803631
17 6 0.754915
17 7 0.641959
17 8 0.463981
17 9 0.23801
17 10 0
18 0 0
18 1 0.340299
18 2 0.583653
18 3 0.722428
18 4 0.785192
18 5 0.794854
18 6 0.754592
18 7 0.654163
18 8 0.479748
18 9 0.251713
18 10 0
19 0 0
19 1 0.405503
19 2 0.628289
19 3 0.713695
19 4 0.752565
19 5 0.760307
19 6 0.738027
19 7 0.675585
19 8 0.547281
19 9 0.28409
19 10 0
20 0 0
20 1 0.666667
20 2 0.666667
20 3 0.666667
20 4 0.666667
20 5 0.666667
20 6 0.666667
20 7 0.666667
20 8 0.666667
20 9 0.666667
20 10 0
