0 0 0
0 1 0
0 2 0
0 3 0
0 4 0
0 5 0
0 6 0
0 7 0
0 8 0
0 9 0
0 10 0
1 0 0
1 1 0.0301541
1 2 0.0553156
1 3 0.0734882
1 4 0.0830445
1 5 0.0834024
1 6 0.075296
1 7 0.0605746
1 8 0.0416548
1 9 0.0208718
1 10 0
2 0 0
2 1 0.0616081
2 2 0.113706
2 3 0.152023
2 4 0.172791
2 5 0.174374
2 6 0.157941
2 7 0.127204
2 8 0.0873684
2 9 0.0436613
2 10 0
3 0 0
3 1 0.094675
3 2 0.175747
3 3 0.236323
3 4 0.27007
3 5 0.273978
3 6 0.249307
3 7 0.201384
3 8 0.138382
3 9 0.0690397
3 10 0
4 0 0
4 1 0.128562
4 2 0.239529
4 3 0.323071
4 4 0.370377
4 5 0.377348
4 6 0.345183
4 7 0.280184
4 8 0.193045
4 9 0.0963057
4 10 0
5 0 0
5 1 0.161701
5 2 0.301542
5 3 0.406573
5 4 0.466217
5 5 0.476244
5 6 0.437943
5 7 0.3577
5 8 0.247616
5 9 0.123732
5 10 0
6 0 0
6 1 0.192321
6 2 0.358044
6 3 0.481169
6 4 0.55049
6 5 0.562873
6 6 0.520036
6 7 0.42764
6 8 0.297812
6 9 0.149254
6 10 0
7 0 0
7 1 0.219001
7 2 0.406311
7 3 0.543238
7 4 0.619105
7 5 0.632855
7 6 0.586923
7 7 0.485766
7 8 0.340429
7 9 0.171224
7 10 0
8 0 0
8 1 0.241004
8 2 0.445226
8 3 0.591838
8 4 0.671535
8 5 0.685776
8 6 0.637827
8 7 0.530817
8 8 0.374149
8 9 0.188856
8 10 0
9 0 0
9 1 0.258302
9 2 0.475133
9 3 0.628123
9 4 0.709732
9 5 0.723891
9 6 0.674638
9 7 0.563898
9 8 0.39936
9 9 0.202207
9 10 0
10 0 0
10 1 0.271393
10 2 0.497295
10 3 0.654308
10 4 0.736676
10 5 0.750466
10 6 0.700352
10 7 0.587278
10 8 0.417438
10 9 0.211882
10 10 0
11 0 0
11 1 0.281046
11 2 0.513337
11 3 0.672822
11 4 0.755339
11 5 0.768665
11 6 0.71796
11 7 0.60342
11 8 0.430054
11 9 0.218687
11 10 0
12 0 0
12 1 0.288103
12 2 0.524867
12 3 0.685848
12 4 0.76822
12 5 0.781081
12 6 0.72995
12 7 0.614468
12 8 0.438755
12 9 0.223408
12 10 0
13 0 0
13 1 0.29337
13 2 0.533313
13 3 0.695166
13 4 0.777237
13 5 0.789657
13 6 0.738205
13 7 0.622105
13 8 0.444809
13 9 0.226708
13 10 0
14 0 0
14 1 0.297625
14 2 0.539924
14 3 0.702175
14 4 0.783784
14 5 0.795766
14 6 0.744082
14 7 0.6276
14 8 0.449213
14 9 0.229129
14 10 0
15 0 0
15 1 0.301757
15 2 0.545914
15 3 0.707964
15 4 0.788761
15 5 0.800263
15 6 0.748525
15 7 0.631952
15 8 0.452854
15 9 0.231174
15 10 0
16 0 0
16 1 0.307182
16 2 0.552815
16 3 0.713336
16 4 0.792374
16 5 0.803324
16 6 0.752078
16 7 0.636206
16 8 0.456832
16 9 0.2336
16 10 0
17 0 0
17 1 0.317069
17 2 0.563364
17 3 0.71857
17 4 0.79319
17 5 0.803518
17 6 0.754804
17 7 0.641855
17 8 0.463897
17 9 0.237963
17 10 0
18 0 0
18 1 0.340257
18 2 0.583587
18 3 0.722355
18 4 0.785121
18 5 0.794786
18 6 0.754526
18 7 0.654102
18 8 0.479698
18 9 0.251685
18 10 0
19 0 0
19 1 0.405484
19 2 0.628259
19 3 0.713661
19 4 0.752532
19 5 0.760275
19 6 0.737996
19 7 0.675556
19 8 0.547258
19 9 0.284078
19 10 0
20 0 0
20 1 0.666667
20 2 0.666667
20 3 0.666667
20 4 0.666667
20 5 0.666667
20 6 0.666667
20 7 0.666667
20 8 0.666667
20 9 0.666667
20 10 0
