0 0 0
0 1 0
0 2 0
0 3 0
0 4 0
0 5 0
0 6 0
0 7 0
0 8 0
0 9 0
0 10 0
1 0 0
1 1 0.0300909
1 2 0.0551959
1 3 0.0733228
1 4 0.0828503
1 5 0.0832006
1 6 0.0751087
1 7 0.0604209
1 8 0.0415479
1 9 0.020818
1 10 0
2 0 0
2 1 0.0614845
2 2 0.11347
2 3 0.151696
2 4 0.172405
2 5 0.17397
2 6 0.157564
2 7 0.126893
2 8 0.0871523
2 9 0.0435529
2 10 0
3 0 0
3 1 0.0944991
3 2 0.175411
3 3 0.235856
3 4 0.269519
3 5 0.273399
3 6 0.248762
3 7 0.200931
3 8 0.138065
3 9 0.0688807
3 10 0
4 0 0
4 1 0.128348
4 2 0.239123
4 3 0.322513
4 4 0.369722
4 5 0.376658
4 6 0.344528
4 7 0.279633
4 8 0.192654
4 9 0.0961088
4 10 0
5 0 0
5 1 0.16147
5 2 0.301108
5 3 0.405987
5 4 0.465538
5 5 0.475532
5 6 0.43726
5 7 0.357114
5 8 0.247194
5 9 0.123517
5 10 0
6 0 0
6 1 0.192093
6 2 0.357623
6 3 0.480615
6 4 0.549861
6 5 0.562218
6 6 0.519401
6 7 0.427085
6 8 0.297405
6 9 0.149044
6 10 0
7 0 0
7 1 0.218793
7 2 0.405935
7 3 0.542757
7 4 0.618572
7 5 0.632304
7 6 0.586386
7 7 0.485287
7 8 0.34007
7 9 0.171037
7 10 0
8 0 0
8 1 0.240825
8 2 0.444911
8 3 0.591446
8 4 0.671111
8 5 0.685343
8 6 0.637402
8 7 0.530433
8 8 0.373856
8 9 0.1887
8 10 0
9 0 0
9 1 0.258156
9 2 0.474882
9 3 0.627819
9 4 0.709411
9 5 0.723567
9 6 0.674319
9 7 0.563605
9 8 0.399133
9 9 0.202086
9 10 0
10 0 0
10 1 0.271279
10 2 0.497103
10 3 0.654081
10 4 0.736441
10 5 0.750231
10 6 0.700121
10 7 0.587063
10 8 0.41727
10 9 0.21179
10 10 0
11 0 0
11 1 0.280961
11 2 0.513195
11 3 0.672657
11 4 0.755171
11 5 0.768499
11 6 0.717796
11 7 0.603266
11 8 0.429932
11 9 0.218621
11 10 0
12 0 0
12 1 0.28804
12 2 0.524764
12 3 0.68573
12 4 0.768102
12 5 0.780965
12 6 0.729835
12 7 0.614361
12 8 0.43867
12 9 0.223361
12 10 0
13 0 0
13 1 0.293324
13 2 0.533239
13 3 0.695083
13 4 0.777155
13 5 0.789576
13 6 0.738125
13 7 0.622031
13 8 0.444749
13 9 0.226675
13 10 0
14 0 0
14 1 0.297593
14 2 0.539872
14 3 0.702117
14 4 0.783727
14 5 0.795711
14 6 0.744028
14 7 0.627549
14 8 0.449172
14 9 0.229106
14 10 0
15 0 0
15 1 0.301734
15 2 0.545878
15 3 0.707924
15 4 0.788722
15 5 0.800226
15 6 0.748489
15 7 0.631917
15 8 0.452826
15 9 0.231159
15 10 0
16 0 0
16 1 0.307167
16 2 0.552791
16 3 0.713309
16 4 0.792349
16 5 0.803299
16 6 0.752053
16 7 0.636183
16 8 0.456813
16 9 0.23359
16 10 0
17 0 0
17 1 0.31706
17 2 0.563348
17 3 0.718553
17 4 0.793174
17 5 0.803501
17 6 0.754789
17 7 0.641841
17 8 0.463886
17 9 0.237957
17 10 0
18 0 0
18 1 0.340251
18 2 0.583578
18 3 0.722345
18 4 0.785111
18 5 0.794776
18 6 0.754516
18 7 0.654093
18 8 0.479691
18 9 0.251682
18 10 0
19 0 0
19 1 0.405481
19 2 0.628254
19 3 0.713656
19 4 0.752527
19 5 0.76027
19 6 0.737992
19 7 0.675552
19 8 0.547255
19 9 0.284076
19 10 0
20 0 0
20 1 0.666667
20 2 0.666667
20 3 0.666667
20 4 0.666667
20 5 0.666667
20 6 0.666667
20 7 0.666667
20 8 0.666667
20 9 0.666667
20 10 0
