0 0 0
0 1 0
0 2 0
0 3 0
0 4 0
0 5 0
0 6 0
0 7 0
0 8 0
0 9 0
0 10 0
1 0 0
1 1 0.0265686
1 2 0.0485408
1 3 0.0641666
1 4 0.0721414
1 5 0.0721137
1 6 0.0648543
1 7 0.0520309
1 8 0.0357222
1 9 0.0178872
1 10 0
2 0 0
2 1 0.0545642
2 2 0.100308
2 3 0.133475
2 4 0.150966
2 5 0.151638
2 6 0.136795
2 7 0.109845
2 8 0.0753186
2 9 0.0376194
2 10 0
3 0 0
3 1 0.0845834
3 2 0.15649
3 3 0.209619
3 4 0.23857
3 5 0.240984
3 6 0.218373
3 7 0.175793
3 8 0.120541
3 9 0.060097
3 10 0
4 0 0
4 1 0.116208
4 2 0.21603
4 3 0.290692
4 4 0.332344
4 5 0.337414
4 6 0.307384
4 7 0.248515
4 8 0.170743
4 9 0.0850818
4 10 0
5 0 0
5 1 0.148175
5 2 0.276081
5 3 0.372025
5 4 0.42612
5 5 0.434214
5 6 0.397761
5 7 0.323465
5 8 0.223127
5 9 0.111302
5 10 0
6 0 0
6 1 0.178798
6 2 0.333015
6 3 0.447978
6 4 0.512678
6 5 0.523464
6 6 0.482008
6 7 0.394616
6 8 0.273724
6 9 0.136879
6 10 0
7 0 0
7 1 0.206484
7 2 0.383629
7 3 0.51398
7 4 0.586525
7 5 0.599193
7 6 0.554186
7 7 0.456788
7 8 0.318846
7 9 0.159984
7 10 0
8 0 0
8 1 0.230151
8 2 0.426
8 3 0.567748
8 4 0.64535
8 5 0.659001
8 6 0.611635
8 7 0.507228
8 8 0.35623
8 9 0.179396
8 10 0
9 0 0
9 1 0.249388
9 2 0.459684
9 3 0.609294
9 4 0.689736
9 5 0.703664
9 6 0.654775
9 7 0.54575
9 8 0.385341
9 9 0.194718
9 10 0
10 0 0
10 1 0.264387
10 2 0.485388
10 3 0.640147
10 4 0.721947
10 5 0.73572
10 6 0.685842
10 7 0.573875
10 8 0.406945
10 9 0.206222
10 10 0
11 0 0
11 1 0.275729
11 2 0.504448
11 3 0.662466
11 4 0.744758
11 5 0.758172
11 6 0.707628
11 7 0.5938
11 8 0.422448
11 9 0.214554
11 10 0
12 0 0
12 1 0.284177
12 2 0.518392
12 3 0.678429
12 4 0.760751
12 5 0.773735
12 6 0.722719
12 7 0.607701
12 8 0.433367
12 9 0.220464
12 10 0
13 0 0
13 1 0.290536
13 2 0.528687
13 3 0.689936
13 4 0.772034
13 5 0.784575
13 6 0.733208
13 7 0.617414
13 8 0.441054
13 9 0.22465
13 10 0
14 0 0
14 1 0.295618
14 2 0.536675
14 3 0.69854
14 4 0.780201
14 5 0.792287
14 6 0.740667
14 7 0.624387
14 8 0.446633
14 9 0.227711
14 10 0
15 0 0
15 1 0.300362
15 2 0.543671
15 3 0.705475
15 4 0.786325
15 5 0.79791
15 6 0.746218
15 7 0.629779
15 8 0.451106
15 9 0.230212
15 10 0
16 0 0
16 1 0.306237
16 2 0.551303
16 3 0.711666
16 4 0.790748
16 5 0.801759
16 6 0.750547
16 7 0.634765
16 8 0.45567
16 9 0.23296
16 10 0
17 0 0
17 1 0.316454
17 2 0.562384
17 3 0.717491
17 4 0.79214
17 5 0.802508
17 6 0.753822
17 7 0.640933
17 8 0.463154
17 9 0.237553
17 10 0
18 0 0
18 1 0.33989
18 2 0.583005
18 3 0.721711
18 4 0.78449
18 5 0.794181
18 6 0.753941
18 7 0.653558
18 8 0.479261
18 9 0.251444
18 10 0
19 0 0
19 1 0.405314
19 2 0.627989
19 3 0.713359
19 4 0.752232
19 5 0.759987
19 6 0.737721
19 7 0.675306
19 8 0.547059
19 9 0.283967
19 10 0
20 0 0
20 1 0.666667
20 2 0.666667
20 3 0.666667
20 4 0.666667
20 5 0.666667
20 6 0.666667
20 7 0.666667
20 8 0.666667
20 9 0.666667
20 10 0
