0 0 0
0 1 0
0 2 0
0 3 0
0 4 0
0 5 0
0 6 0
0 7 0
0 8 0
0 9 0
0 10 0
1 0 0
1 1 0.011779
1 2 0.0210809
1 3 0.0271802
1 4 0.0298183
1 5 0.0291846
1 6 0.0258295
1 7 0.0205075
1 8 0.014004
1 9 0.00699955
1 10 0
2 0 0
2 1 0.0247856
2 2 0.04458
2 3 0.0577974
2 4 0.063721
2 5 0.0625944
2 6 0.0555103
2 7 0.0440903
2 8 0.0300822
2 9 0.0150152
2 10 0
3 0 0
3 1 0.0400749
3 2 0.0725624
3 3 0.0947848
3 4 0.105214
3 5 0.103898
3 6 0.0924355
3 7 0.0734978
3 8 0.050113
3 9 0.0249759
3 10 0
4 0 0
4 1 0.0584088
4 2 0.106548
4 3 0.140345
4 4 0.157
4 5 0.156015
4 6 0.139393
4 7 0.111048
4 8 0.0757
4 9 0.0376748
4 10 0
5 0 0
5 1 0.0801097
5 2 0.147197
5 3 0.19545
5 4 0.220325
5 5 0.220414
5 6 0.197944
5 7 0.158159
5 8 0.10788
5 9 0.0536321
5 10 0
6 0 0
6 1 0.104919
6 2 0.193963
6 3 0.259234
6 4 0.294125
6 5 0.296128
6 6 0.267482
6 7 0.214621
6 8 0.146656
6 9 0.072882
6 10 0
7 0 0
7 1 0.13195
7 2 0.244953
7 3 0.328715
7 4 0.3746
7 5 0.379188
7 6 0.344605
7 7 0.278024
7 8 0.190614
7 9 0.0947897
7 10 0
8 0 0
8 1 0.159806
8 2 0.297201
8 3 0.399287
8 4 0.455865
8 5 0.463263
8 6 0.423548
8 7 0.343954
8 8 0.236961
8 9 0.118057
8 10 0
9 0 0
9 1 0.186882
9 2 0.347385
9 3 0.465965
9 4 0.531695
9 5 0.54159
9 6 0.497886
9 7 0.407177
9 8 0.282196
9 9 0.141006
9 10 0
10 0 0
10 1 0.211735
10 2 0.392671
10 3 0.524799
10 4 0.597418
10 5 0.609128
10 6 0.562593
10 7 0.463274
10 8 0.323139
10 9 0.162043
10 10 0
11 0 0
11 1 0.233383
11 2 0.431324
11 3 0.573717
11 4 0.650911
11 5 0.66366
11 6 0.615239
11 7 0.509762
11 8 0.35776
11 9 0.180075
11 10 0
12 0 0
12 1 0.251433
12 2 0.462852
12 3 0.612524
12 4 0.692381
12 5 0.705518
12 6 0.655871
12 7 0.546232
12 8 0.385432
12 9 0.194676
12 10 0
13 0 0
13 1 0.266045
13 2 0.487789
13 3 0.642346
13 4 0.723489
13 5 0.73656
13 6 0.686104
13 7 0.573744
13 8 0.406651
13 9 0.206003
13 10 0
14 0 0
14 1 0.277821
14 2 0.507342
14 3 0.664962
14 4 0.746435
14 5 0.759149
14 6 0.708156
14 7 0.594069
14 8 0.422566
14 9 0.214592
14 10 0
15 0 0
15 1 0.287776
15 2 0.523149
15 3 0.682293
15 4 0.76328
15 5 0.775445
15 6 0.724196
15 7 0.609163
15 8 0.434649
15 9 0.221203
15 10 0
16 0 0
16 1 0.297605
16 2 0.537351
16 3 0.696061
16 4 0.775366
16 5 0.786846
16 6 0.735954
16 7 0.62108
16 8 0.444706
16 9 0.226938
16 10 0
17 0 0
17 1 0.310797
17 2 0.553302
17 3 0.707392
17 4 0.782224
17 5 0.792935
17 6 0.744491
17 7 0.632194
17 8 0.45614
17 9 0.233691
17 10 0
18 0 0
18 1 0.336503
18 2 0.577595
18 3 0.715691
18 4 0.77856
18 5 0.788466
18 6 0.748419
18 7 0.648428
18 8 0.475148
18 9 0.249171
18 10 0
19 0 0
19 1 0.403739
19 2 0.625483
19 3 0.710542
19 4 0.749425
19 5 0.757279
19 6 0.735137
19 7 0.67295
19 8 0.545187
19 9 0.282925
19 10 0
20 0 0
20 1 0.666667
20 2 0.666667
20 3 0.666667
20 4 0.666667
20 5 0.666667
20 6 0.666667
20 7 0.666667
20 8 0.666667
20 9 0.666667
20 10 0
