0 0 0
0 1 0
0 2 0
0 3 0
0 4 0
0 5 0
0 6 0
0 7 0
0 8 0
0 9 0
0 10 0
1 0 0
1 1 0.00492147
1 2 0.00869208
1 3 0.01103
1 4 0.0119176
1 5 0.0115185
1 6 0.010102
1 7 0.00797553
1 8 0.00543107
1 9 0.00271203
1 10 0
2 0 0
2 1 0.0105085
2 2 0.0186149
2 3 0.0237014
2 4 0.0256859
2 5 0.0248808
2 6 0.0218489
2 7 0.0172564
2 8 0.011748
2 9 0.0058633
2 10 0
3 0 0
3 1 0.0174426
3 2 0.0310367
3 3 0.0397202
3 4 0.0432454
3 5 0.0420361
3 6 0.0369911
3 7 0.0292384
3 8 0.019901
3 9 0.00992594
3 10 0
4 0 0
4 1 0.0264306
4 2 0.0473029
4 3 0.0609413
4 4 0.0667538
4 5 0.06519
4 6 0.0575318
4 7 0.0455269
4 8 0.0309826
4 9 0.0154409
4 10 0
5 0 0
5 1 0.0381736
5 2 0.0687914
5 3 0.0893283
5 4 0.0985631
5 5 0.096805
5 6 0.0857465
5 7 0.0679618
5 8 0.0462459
5 9 0.0230258
5 10 0
6 0 0
6 1 0.0532762
6 2 0.0967367
6 3 0.126707
6 4 0.140939
6 5 0.139334
6 6 0.123966
6 7 0.0984641
6 8 0.0670089
6 9 0.0333289
6 10 0
7 0 0
7 1 0.0720942
7 2 0.131906
7 3 0.174266
7 4 0.195435
7 5 0.194567
7 6 0.174006
7 7 0.13861
7 8 0.0943857
7 9 0.0469012
7 10 0
8 0 0
8 1 0.094555
8 2 0.174189
8 3 0.231871
8 4 0.261972
8 5 0.262616
8 6 0.236236
8 7 0.188918
8 8 0.128834
8 9 0.0639859
8 10 0
9 0 0
9 1 0.120025
9 2 0.222271
9 3 0.297497
9 4 0.338029
9 5 0.340957
9 6 0.308627
9 7 0.248076
9 8 0.16965
9 9 0.0842825
9 10 0
10 0 0
10 1 0.147319
10 2 0.273636
10 3 0.367224
10 4 0.418614
10 5 0.424295
10 6 0.386493
10 7 0.31262
10 8 0.214711
10 9 0.106819
10 10 0
11 0 0
11 1 0.174895
11 2 0.325041
11 3 0.436077
11 4 0.497421
11 5 0.50581
11 6 0.463501
11 7 0.377562
11 8 0.260784
11 9 0.130072
11 10 0
12 0 0
12 1 0.201202
12 2 0.373319
12 3 0.499416
12 4 0.568758
12 5 0.579318
12 6 0.533654
12 7 0.437861
12 8 0.304394
12 9 0.152347
12 10 0
13 0 0
13 1 0.225048
13 2 0.416171
13 3 0.554146
13 4 0.629089
13 5 0.641025
13 6 0.593056
13 7 0.489923
13 8 0.342839
13 9 0.172256
13 10 0
14 0 0
14 1 0.245877
14 2 0.45261
14 3 0.599174
14 4 0.677428
14 5 0.689947
14 6 0.640488
14 7 0.532298
14 8 0.374804
14 9 0.189053
14 10 0
15 0 0
15 1 0.263942
15 2 0.483025
15 3 0.635096
15 4 0.714663
15 5 0.727117
15 6 0.676834
15 7 0.565479
15 8 0.400442
15 9 0.202742
15 10 0
16 0 0
16 1 0.280603
16 2 0.509158
16 3 0.663489
16 4 0.742306
16 5 0.754242
16 6 0.703989
16 7 0.591388
16 8 0.42123
16 9 0.214175
16 10 0
17 0 0
17 1 0.299346
17 2 0.534548
17 3 0.685996
17 4 0.760717
17 5 0.771861
17 6 0.723882
17 7 0.612999
17 8 0.440865
17 9 0.225337
17 10 0
18 0 0
18 1 0.329524
18 2 0.566277
18 3 0.702839
18 4 0.765658
18 5 0.775877
18 6 0.736199
18 7 0.637104
18 8 0.466115
18 9 0.244203
18 10 0
19 0 0
19 1 0.400463
19 2 0.620207
19 3 0.704512
19 4 0.743321
19 5 0.751324
19 6 0.729426
19 7 0.667745
19 8 0.541064
19 9 0.280637
19 10 0
20 0 0
20 1 0.666667
20 2 0.666667
20 3 0.666667
20 4 0.666667
20 5 0.666667
20 6 0.666667
20 7 0.666667
20 8 0.666667
20 9 0.666667
20 10 0
