0 0 0
0 1 0
0 2 0
0 3 0
0 4 0
0 5 0
0 6 0
0 7 0
0 8 0
0 9 0
0 10 0
1 0 0
1 1 0.0177153
1 2 0.031997
1 3 0.0417122
1 4 0.0462514
1 5 0.0456757
1 6 0.0406917
1 7 0.0324403
1 8 0.0221968
1 9 0.0111011
1 10 0
2 0 0
2 1 0.0368888
2 2 0.0670186
2 3 0.0879307
2 4 0.0980642
2 5 0.0972679
2 6 0.0868718
2 7 0.0692912
2 8 0.0473558
2 9 0.0236375
2 10 0
3 0 0
3 1 0.0585566
3 2 0.107145
3 3 0.141685
3 4 0.15916
3 5 0.158792
3 6 0.142369
3 7 0.113732
3 8 0.0776792
3 9 0.0387016
3 10 0
4 0 0
4 1 0.0831275
4 2 0.153163
4 3 0.204068
4 4 0.230881
4 5 0.23181
4 6 0.208863
4 7 0.167325
4 8 0.114332
4 9 0.0568877
4 10 0
5 0 0
5 1 0.110275
5 2 0.20432
5 3 0.273803
5 4 0.311565
5 5 0.314674
5 6 0.28513
5 7 0.229405
5 8 0.157051
5 9 0.0781124
5 10 0
6 0 0
6 1 0.138969
6 2 0.258369
6 3 0.347289
6 4 0.396546
6 5 0.402415
6 6 0.366799
6 7 0.296789
6 8 0.203918
6 9 0.101508
6 10 0
7 0 0
7 1 0.167701
7 2 0.312085
7 3 0.419513
7 4 0.479408
7 5 0.488068
7 6 0.447427
7 7 0.364441
7 8 0.251695
7 9 0.125558
7 10 0
8 0 0
8 1 0.194858
8 2 0.362165
8 3 0.485594
8 4 0.554122
8 5 0.565074
8 6 0.520674
8 7 0.427071
8 8 0.296765
8 9 0.148506
8 10 0
9 0 0
9 1 0.21912
9 2 0.406088
9 3 0.542168
9 4 0.616852
9 5 0.629318
9 6 0.582331
9 7 0.480816
9 8 0.336237
9 9 0.168874
9 10 0
10 0 0
10 1 0.239706
10 2 0.442586
10 3 0.587934
10 4 0.666491
10 5 0.679713
10 6 0.631034
10 7 0.524036
10 8 0.36862
10 9 0.185811
10 10 0
11 0 0
11 1 0.256434
11 2 0.471615
11 3 0.623357
11 4 0.70405
11 5 0.71746
11 6 0.667688
11 7 0.557067
11 8 0.393812
11 9 0.199153
11 10 0
12 0 0
12 1 0.269604
12 2 0.493997
12 3 0.649961
12 4 0.731636
12 5 0.744883
12 6 0.694384
12 7 0.58142
12 8 0.412663
12 9 0.209244
12 10 0
13 0 0
13 1 0.279838
13 2 0.511021
13 3 0.669668
13 4 0.751611
13 5 0.764501
13 6 0.713494
13 7 0.599021
13 8 0.426452
13 9 0.21669
13 10 0
14 0 0
14 1 0.287954
14 2 0.524157
14 3 0.684374
14 4 0.7661
14 5 0.778525
14 6 0.727162
14 7 0.611737
14 8 0.436535
14 9 0.222184
14 10 0
15 0 0
15 1 0.294998
15 2 0.534987
15 3 0.695753
15 4 0.77674
15 5 0.78861
15 6 0.737105
15 7 0.621223
15 8 0.444249
15 9 0.226447
15 10 0
16 0 0
16 1 0.302585
16 2 0.545432
16 3 0.705145
16 4 0.784361
16 5 0.795591
16 6 0.744515
16 7 0.629098
16 8 0.451119
16 9 0.230455
16 10 0
17 0 0
17 1 0.314072
17 2 0.558575
17 3 0.713278
17 4 0.788024
17 5 0.798547
17 6 0.749964
17 7 0.637317
17 8 0.460247
17 9 0.23595
17 10 0
18 0 0
18 1 0.338468
18 2 0.58074
18 3 0.719201
18 4 0.782027
18 5 0.791814
18 6 0.751656
18 7 0.651434
18 8 0.477557
18 9 0.250501
18 10 0
19 0 0
19 1 0.404653
19 2 0.626941
19 3 0.712185
19 4 0.751065
19 5 0.758864
19 6 0.736651
19 7 0.67433
19 8 0.546283
19 9 0.283535
19 10 0
20 0 0
20 1 0.666667
20 2 0.666667
20 3 0.666667
20 4 0.666667
20 5 0.666667
20 6 0.666667
20 7 0.666667
20 8 0.666667
20 9 0.666667
20 10 0
