0 0 0
0 1 0
0 2 0
0 3 0
0 4 0
0 5 0
0 6 0
0 7 0
0 8 0
0 9 0
0 10 0
1 0 0
1 1 0.0303754
1 2 0.055735
1 3 0.0740673
1 4 0.0837247
1 5 0.0841096
1 6 0.0759526
1 7 0.0611135
1 8 0.0420298
1 9 0.0210607
1 10 0
2 0 0
2 1 0.0620409
2 2 0.114531
2 3 0.153168
2 4 0.174144
2 5 0.175789
2 6 0.159262
2 7 0.128292
2 8 0.0881257
2 9 0.0440415
2 10 0
3 0 0
3 1 0.0952902
3 2 0.176922
3 3 0.237955
3 4 0.271999
3 5 0.276004
3 6 0.251215
3 7 0.202969
3 8 0.139491
3 9 0.0695966
3 10 0
4 0 0
4 1 0.129307
4 2 0.240945
4 3 0.325021
4 4 0.372667
4 5 0.379758
4 6 0.347474
4 7 0.282114
4 8 0.19441
4 9 0.0969946
4 10 0
5 0 0
5 1 0.162507
5 2 0.303055
5 3 0.408619
5 4 0.468586
5 5 0.478729
5 6 0.440329
5 7 0.359745
5 8 0.249087
5 9 0.124482
5 10 0
6 0 0
6 1 0.193117
6 2 0.359509
6 3 0.483102
6 4 0.552682
6 5 0.565157
6 6 0.522248
6 7 0.429573
6 8 0.299232
6 9 0.149986
6 10 0
7 0 0
7 1 0.219728
7 2 0.407621
7 3 0.544916
7 4 0.620963
7 5 0.634771
7 6 0.588793
7 7 0.487432
7 8 0.341678
7 9 0.171878
7 10 0
8 0 0
8 1 0.241626
8 2 0.446322
8 3 0.593202
8 4 0.673008
8 5 0.687279
8 6 0.639301
8 7 0.532153
8 8 0.37517
8 9 0.189397
8 10 0
9 0 0
9 1 0.258808
9 2 0.476005
9 3 0.629179
9 4 0.710847
9 5 0.725016
9 6 0.675745
9 7 0.564914
9 8 0.40015
9 9 0.202631
9 10 0
10 0 0
10 1 0.271787
10 2 0.497962
10 3 0.655096
10 4 0.737492
10 5 0.751281
10 6 0.701155
10 7 0.588023
10 8 0.418024
10 9 0.212198
10 10 0
11 0 0
11 1 0.281344
11 2 0.513833
11 3 0.673396
11 4 0.755923
11 5 0.769243
11 6 0.71853
11 7 0.603951
11 8 0.430476
11 9 0.218917
11 10 0
12 0 0
12 1 0.288321
12 2 0.525227
12 3 0.686258
12 4 0.768632
12 5 0.781485
12 6 0.730348
12 7 0.614841
12 8 0.439053
12 9 0.223571
12 10 0
13 0 0
13 1 0.293527
13 2 0.533569
13 3 0.695455
13 4 0.777524
13 5 0.789936
13 6 0.73848
13 7 0.622364
13 8 0.445016
13 9 0.226822
13 10 0
14 0 0
14 1 0.297737
14 2 0.540104
14 3 0.702375
14 4 0.783981
14 5 0.795957
14 6 0.74427
14 7 0.627777
14 8 0.449355
14 9 0.229207
14 10 0
15 0 0
15 1 0.301834
15 2 0.546038
15 3 0.708101
15 4 0.788895
15 5 0.800393
15 6 0.748652
15 7 0.632072
15 8 0.452951
15 9 0.231228
15 10 0
16 0 0
16 1 0.307234
16 2 0.552899
16 3 0.713428
16 4 0.792464
16 5 0.803411
16 6 0.752162
16 7 0.636286
16 8 0.456896
16 9 0.233636
16 10 0
17 0 0
17 1 0.317103
17 2 0.563418
17 3 0.71863
17 4 0.793248
17 5 0.803573
17 6 0.754859
17 7 0.641906
17 8 0.463939
17 9 0.237986
17 10 0
18 0 0
18 1 0.340278
18 2 0.58362
18 3 0.722391
18 4 0.785156
18 5 0.794819
18 6 0.754558
18 7 0.654132
18 8 0.479722
18 9 0.251699
18 10 0
19 0 0
19 1 0.405494
19 2 0.628274
19 3 0.713678
19 4 0.752548
19 5 0.760291
19 6 0.738011
19 7 0.67557
19 8 0.54727
19 9 0.284084
19 10 0
20 0 0
20 1 0.666667
20 2 0.666667
20 3 0.666667
20 4 0.666667
20 5 0.666667
20 6 0.666667
20 7 0.666667
20 8 0.666667
20 9 0.666667
20 10 0
