0 0 0
0 1 0
0 2 0
0 3 0
0 4 0
0 5 0
0 6 0
0 7 0
0 8 0
0 9 0
0 10 0
1 0 0
1 1 0.0306093
1 2 0.0561785
1 3 0.07468
1 4 0.0844446
1 5 0.0848584
1 6 0.0766482
1 7 0.0616847
1 8 0.0424274
1 9 0.0212609
1 10 0
2 0 0
2 1 0.0624981
2 2 0.115403
2 3 0.15438
2 4 0.175574
2 5 0.177286
2 6 0.160661
2 7 0.129445
2 8 0.0889279
2 9 0.0444442
2 10 0
3 0 0
3 1 0.0959395
3 2 0.178163
3 3 0.239677
3 4 0.274036
3 5 0.278146
3 6 0.253232
3 7 0.204646
3 8 0.140664
3 9 0.070186
3 10 0
4 0 0
4 1 0.130092
4 2 0.242439
4 3 0.327077
4 4 0.375081
4 5 0.382298
4 6 0.349891
4 7 0.284151
4 8 0.195852
4 9 0.0977224
4 10 0
5 0 0
5 1 0.163356
5 2 0.304647
5 3 0.410771
5 4 0.471077
5 5 0.481343
5 6 0.442839
5 7 0.361899
5 8 0.250638
5 9 0.125272
5 10 0
6 0 0
6 1 0.193953
6 2 0.361049
6 3 0.485131
6 4 0.554983
6 5 0.567553
6 6 0.52457
6 7 0.431605
6 8 0.300725
6 9 0.150757
6 10 0
7 0 0
7 1 0.220491
7 2 0.408994
7 3 0.546674
7 4 0.622909
7 5 0.636778
7 6 0.590752
7 7 0.489178
7 8 0.342989
7 9 0.172564
7 10 0
8 0 0
8 1 0.242279
8 2 0.447471
8 3 0.59463
8 4 0.67455
8 5 0.688852
8 6 0.640844
8 7 0.533551
8 8 0.37624
8 9 0.189965
8 10 0
9 0 0
9 1 0.259338
9 2 0.476918
9 3 0.630283
9 4 0.712012
9 5 0.726191
9 6 0.676902
9 7 0.565976
9 8 0.400975
9 9 0.203074
9 10 0
10 0 0
10 1 0.2722
10 2 0.49866
10 3 0.65592
10 4 0.738344
10 5 0.752132
10 6 0.701994
10 7 0.588801
10 8 0.418636
10 9 0.21253
10 10 0
11 0 0
11 1 0.281655
11 2 0.51435
11 3 0.673996
11 4 0.756533
11 5 0.769847
11 6 0.719125
11 7 0.604507
11 8 0.430917
11 9 0.219157
11 10 0
12 0 0
12 1 0.28855
12 2 0.525602
12 3 0.686687
12 4 0.769061
12 5 0.781907
12 6 0.730763
12 7 0.615231
12 8 0.439365
12 9 0.223741
12 10 0
13 0 0
13 1 0.293692
13 2 0.533837
13 3 0.695756
13 4 0.777823
13 5 0.790228
13 6 0.738767
13 7 0.622634
13 8 0.445232
13 9 0.226941
13 10 0
14 0 0
14 1 0.297853
14 2 0.540292
14 3 0.702585
14 4 0.784187
14 5 0.796157
14 6 0.744467
14 7 0.627962
14 8 0.449504
14 9 0.229289
14 10 0
15 0 0
15 1 0.301915
15 2 0.546167
15 3 0.708245
15 4 0.789036
15 5 0.800529
15 6 0.748785
15 7 0.632197
15 8 0.453051
15 9 0.231283
15 10 0
16 0 0
16 1 0.307289
16 2 0.552986
16 3 0.713525
16 4 0.792558
16 5 0.803501
16 6 0.752251
16 7 0.636369
16 8 0.456963
16 9 0.233673
16 10 0
17 0 0
17 1 0.317139
17 2 0.563475
17 3 0.718693
17 4 0.793309
17 5 0.803632
17 6 0.754916
17 7 0.64196
17 8 0.463982
17 9 0.23801
17 10 0
18 0 0
18 1 0.340299
18 2 0.583654
18 3 0.722428
18 4 0.785192
18 5 0.794854
18 6 0.754592
18 7 0.654163
18 8 0.479748
18 9 0.251713
18 10 0
19 0 0
19 1 0.405503
19 2 0.628289
19 3 0.713695
19 4 0.752566
19 5 0.760308
19 6 0.738027
19 7 0.675585
19 8 0.547281
19 9 0.28409
19 10 0
20 0 0
20 1 0.666667
20 2 0.666667
20 3 0.666667
20 4 0.666667
20 5 0.666667
20 6 0.666667
20 7 0.666667
20 8 0.666667
20 9 0.666667
20 10 0
