0 0 0
0 1 0
0 2 0
0 3 0
0 4 0
0 5 0
0 6 0
0 7 0
0 8 0
0 9 0
0 10 0
1 0 0
1 1 0.00274773
1 2 0.00482493
1 3 0.00607963
1 4 0.00652375
1 5 0.00626829
1 6 0.00547281
1 7 0.00430756
1 8 0.00292794
1 9 0.00146078
1 10 0
2 0 0
2 1 0.00590618
2 2 0.0103918
2 3 0.0131242
2 4 0.0141122
2 5 0.0135808
2 6 0.0118687
2 7 0.00934532
2 8 0.00635201
2 9 0.00316834
2 10 0
3 0 0
3 1 0.0099195
3 2 0.0175082
3 3 0.0221922
3 4 0.023942
3 5 0.0230991
3 6 0.0202192
3 7 0.0159317
3 8 0.0108292
3 9 0.00540006
3 10 0
4 0 0
4 1 0.0152961
4 2 0.0271143
4 3 0.0345399
4 4 0.0374336
4 5 0.0362428
4 6 0.031795
4 7 0.025078
4 8 0.0170477
4 9 0.00849778
4 10 0
5 0 0
5 1 0.0226224
5 2 0.0403213
5 3 0.0516902
5 4 0.0563478
5 5 0.0548022
5 6 0.0482153
5 7 0.0380786
5 8 0.0258874
5 9 0.0128973
5 10 0
6 0 0
6 1 0.0325443
6 2 0.0583887
6 3 0.075423
6 4 0.0827982
6 5 0.0809715
6 6 0.0714932
6 7 0.0565536
6 8 0.0384501
6 9 0.0191423
6 10 0
7 0 0
7 1 0.0456968
7 2 0.0825984
7 3 0.107613
7 4 0.119082
7 5 0.117201
7 6 0.103925
7 7 0.0823755
7 8 0.0560139
7 9 0.0278613
7 10 0
8 0 0
8 1 0.0625716
8 2 0.113986
8 3 0.149835
8 4 0.167207
8 5 0.165727
8 6 0.14769
8 7 0.117375
8 8 0.0798476
8 9 0.0396788
8 10 0
9 0 0
9 1 0.0833345
9 2 0.152942
9 3 0.202726
9 4 0.228063
9 5 0.227678
9 6 0.204057
9 7 0.162744
9 8 0.110832
9 9 0.0550373
9 10 0
10 0 0
10 1 0.107649
10 2 0.198789
10 3 0.265264
10 4 0.300438
10 5 0.301964
10 6 0.272327
10 7 0.218207
10 8 0.148934
10 9 0.0739518
10 10 0
11 0 0
11 1 0.134595
11 2 0.249579
11 3 0.3344
11 4 0.380461
11 5 0.384565
11 6 0.349077
11 7 0.28136
11 8 0.19275
11 9 0.0957963
11 10 0
12 0 0
12 1 0.16278
12 2 0.302326
12 3 0.405464
12 4 0.462154
12 5 0.469055
12 6 0.428476
12 7 0.347763
12 8 0.23949
12 9 0.119279
12 10 0
13 0 0
13 1 0.190639
13 2 0.353715
13 3 0.473393
13 4 0.539132
13 5 0.548484
13 6 0.503942
13 7 0.412088
13 8 0.285615
13 9 0.142712
13 10 0
14 0 0
14 1 0.216864
14 2 0.401017
14 3 0.534183
14 4 0.606537
14 5 0.617578
14 6 0.570255
14 7 0.469807
14 8 0.327913
14 9 0.164507
14 10 0
15 0 0
15 1 0.240866
15 2 0.442844
15 3 0.585795
15 4 0.662021
15 5 0.673851
15 6 0.624841
15 7 0.518459
15 8 0.364495
15 9 0.183676
15 10 0
16 0 0
16 1 0.26331
16 2 0.479642
16 3 0.628131
16 4 0.705276
16 5 0.717105
16 6 0.667619
16 7 0.558072
16 8 0.395355
16 9 0.200292
16 10 0
17 0 0
17 1 0.287275
17 2 0.514303
17 3 0.6622
17 4 0.736156
17 5 0.747426
17 6 0.699954
17 7 0.590912
17 8 0.423504
17 9 0.21593
17 10 0
18 0 0
18 1 0.321992
18 2 0.553823
18 3 0.688352
18 4 0.750795
18 5 0.761176
18 6 0.721886
18 7 0.623904
18 8 0.455667
18 9 0.238491
18 10 0
19 0 0
19 1 0.396879
19 2 0.614343
19 3 0.697677
19 4 0.736274
19 5 0.744367
19 6 0.722726
19 7 0.66165
19 8 0.536256
19 9 0.277978
19 10 0
20 0 0
20 1 0.666667
20 2 0.666667
20 3 0.666667
20 4 0.666667
20 5 0.666667
20 6 0.666667
20 7 0.666667
20 8 0.666667
20 9 0.666667
20 10 0
