0 0 0
0 1 0
0 2 0
0 3 0
0 4 0
0 5 0
0 6 0
0 7 0
0 8 0
0 9 0
0 10 0
1 0 0
1 1 0.00449168
1 2 0.00792491
1 3 0.010044
1 4 0.0108394
1 5 0.0104659
1 6 0.00917205
1 7 0.00723783
1 8 0.0049274
1 9 0.00246023
1 10 0
2 0 0
2 1 0.00960175
2 2 0.0169883
2 3 0.0215994
2 4 0.023376
2 5 0.022618
2 6 0.019846
2 7 0.0156669
2 8 0.0106635
2 9 0.00532172
2 10 0
3 0 0
3 1 0.0159701
3 2 0.028376
3 3 0.0362539
3 4 0.0394087
3 5 0.0382576
3 6 0.033636
3 7 0.0265733
3 8 0.0180838
3 9 0.00901968
3 10 0
4 0 0
4 1 0.0242734
4 2 0.0433697
4 3 0.055765
4 4 0.0609717
4 5 0.0594553
4 6 0.052418
4 7 0.0414581
4 8 0.0282097
4 9 0.0140601
4 10 0
5 0 0
5 1 0.0352041
5 2 0.0633216
5 3 0.082047
5 4 0.090344
5 5 0.0885849
5 6 0.0783756
5 7 0.0620827
5 8 0.04224
5 9 0.0210344
5 10 0
6 0 0
6 1 0.0493925
6 2 0.0895089
6 3 0.116975
6 4 0.129835
6 5 0.128125
6 6 0.113846
6 7 0.0903613
6 8 0.0614845
6 9 0.0305867
6 10 0
7 0 0
7 1 0.0672666
7 2 0.122841
7 3 0.161942
7 4 0.181238
7 5 0.180101
7 6 0.160837
7 7 0.128005
7 8 0.0871388
7 9 0.0433065
7 10 0
8 0 0
8 1 0.0888714
8 2 0.163455
8 3 0.217198
8 4 0.244959
8 5 0.245135
8 6 0.220167
8 7 0.175868
8 8 0.11987
8 9 0.0595351
8 10 0
9 0 0
9 1 0.113716
9 2 0.210345
9 3 0.281205
9 4 0.319114
9 5 0.321402
9 6 0.290458
9 7 0.233142
9 8 0.159299
9 9 0.0791241
9 10 0
10 0 0
10 1 0.140736
10 2 0.26126
10 3 0.350454
10 4 0.399245
10 5 0.404215
10 6 0.367625
10 7 0.296867
10 8 0.203645
10 9 0.101266
10 10 0
11 0 0
11 1 0.168451
11 2 0.313064
11 3 0.420103
11 4 0.479188
11 5 0.486927
11 6 0.44556
11 7 0.362307
11 8 0.249877
11 9 0.124542
11 10 0
12 0 0
12 1 0.195279
12 2 0.362493
12 3 0.48529
12 4 0.552911
12 5 0.562981
12 6 0.517976
12 7 0.424267
12 8 0.294477
12 9 0.147254
12 10 0
13 0 0
13 1 0.219923
13 2 0.406988
13 3 0.542469
13 4 0.616257
13 5 0.627892
13 6 0.580347
13 7 0.478691
13 8 0.334474
13 9 0.1679
13 10 0
14 0 0
14 1 0.241686
14 2 0.445258
14 3 0.590072
14 4 0.667643
14 5 0.68002
14 6 0.63082
14 7 0.523605
14 8 0.368202
14 9 0.185568
14 10 0
15 0 0
15 1 0.260694
15 2 0.477442
15 3 0.628359
15 4 0.70757
15 5 0.719987
15 6 0.669859
15 7 0.559117
15 8 0.395529
15 9 0.200118
15 10 0
16 0 0
16 1 0.278218
16 2 0.505135
16 3 0.658741
16 4 0.737396
16 5 0.74935
16 6 0.699194
16 7 0.586967
16 8 0.417769
16 9 0.212307
16 10 0
17 0 0
17 1 0.297706
17 2 0.531825
17 3 0.682836
17 4 0.75749
17 5 0.768671
17 6 0.720758
17 7 0.610104
17 8 0.438577
17 9 0.224091
17 10 0
18 0 0
18 1 0.328512
18 2 0.564616
18 3 0.700927
18 4 0.763715
18 5 0.773965
18 6 0.73434
18 7 0.635385
18 8 0.464749
18 9 0.243454
18 10 0
19 0 0
19 1 0.399984
19 2 0.619428
19 3 0.703612
19 4 0.7424
19 5 0.75042
19 6 0.728557
19 7 0.666953
19 8 0.540438
19 9 0.28029
19 10 0
20 0 0
20 1 0.666667
20 2 0.666667
20 3 0.666667
20 4 0.666667
20 5 0.666667
20 6 0.666667
20 7 0.666667
20 8 0.666667
20 9 0.666667
20 10 0
