0 0 0
0 1 0
0 2 0
0 3 0
0 4 0
0 5 0
0 6 0
0 7 0
0 8 0
0 9 0
0 10 0
1 0 0
1 1 0.0232237
1 2 0.0422574
1 3 0.0555835
1 4 0.0621796
1 5 0.0618784
1 6 0.0554514
1 7 0.0443782
1 8 0.0304266
1 9 0.0152276
1 10 0
2 0 0
2 1 0.0479354
2 2 0.0877622
2 3 0.116211
2 4 0.130789
2 5 0.130774
2 6 0.11753
2 7 0.0941275
2 8 0.0644523
2 9 0.0321808
2 10 0
3 0 0
3 1 0.0749457
3 2 0.138152
3 3 0.184272
3 4 0.208801
3 5 0.209998
3 6 0.189545
3 7 0.152124
3 8 0.104135
3 9 0.051895
3 10 0
4 0 0
4 1 0.104173
4 2 0.193131
4 3 0.25911
4 4 0.295274
4 5 0.29866
4 6 0.270991
4 7 0.218311
4 8 0.149642
4 9 0.0745073
4 10 0
5 0 0
5 1 0.134684
5 2 0.250585
5 3 0.337234
5 4 0.385601
5 5 0.391822
5 6 0.357546
5 7 0.289581
5 8 0.199138
5 9 0.0992005
5 10 0
6 0 0
6 1 0.164962
6 2 0.307219
6 3 0.413434
6 4 0.47304
6 5 0.48213
6 6 0.442405
6 7 0.360637
6 8 0.249235
6 9 0.124396
6 10 0
7 0 0
7 1 0.19335
7 2 0.359595
7 3 0.482584
7 4 0.55122
7 5 0.562627
7 6 0.518842
7 7 0.425872
7 8 0.296109
7 9 0.148241
7 10 0
8 0 0
8 1 0.218491
8 2 0.40512
8 3 0.541222
8 4 0.616197
8 5 0.629082
8 6 0.58251
8 7 0.481281
8 8 0.336756
8 9 0.1692
8 10 0
9 0 0
9 1 0.239613
9 2 0.442559
9 3 0.588137
9 4 0.667019
9 5 0.680588
9 6 0.632197
9 7 0.525313
9 8 0.369717
9 9 0.186432
9 10 0
10 0 0
10 1 0.256572
10 2 0.471975
10 3 0.623998
10 4 0.70498
10 5 0.718662
10 6 0.669099
10 7 0.558525
10 8 0.39503
10 9 0.199834
10 10 0
11 0 0
11 1 0.269718
11 2 0.494315
11 3 0.650536
11 4 0.732462
11 5 0.745929
11 6 0.695594
11 7 0.582661
11 8 0.413698
11 9 0.209823
11 10 0
12 0 0
12 1 0.279696
12 2 0.510949
12 3 0.669829
12 4 0.752029
12 5 0.765127
12 6 0.714256
12 7 0.599813
12 8 0.427117
12 9 0.217063
12 10 0
13 0 0
13 1 0.287278
13 2 0.523341
13 3 0.683851
13 4 0.765945
13 5 0.778612
13 6 0.727349
13 7 0.611928
13 8 0.436681
13 9 0.222258
13 10 0
14 0 0
14 1 0.2933
14 2 0.532908
14 3 0.694303
14 4 0.776007
14 5 0.788206
14 6 0.736662
14 7 0.620626
14 8 0.443622
14 9 0.226059
14 10 0
15 0 0
15 1 0.298748
15 2 0.541067
15 3 0.702573
15 4 0.783477
15 5 0.795153
15 6 0.743517
15 7 0.627239
15 8 0.449066
15 9 0.22909
15 10 0
16 0 0
16 1 0.305141
16 2 0.549546
16 3 0.709722
16 4 0.78885
16 5 0.799929
16 6 0.748758
16 7 0.633082
16 8 0.454317
16 9 0.232214
16 10 0
17 0 0
17 1 0.315741
17 2 0.561245
17 3 0.716235
17 4 0.790915
17 5 0.801332
17 6 0.752676
17 7 0.639858
17 8 0.462289
17 9 0.237076
17 10 0
18 0 0
18 1 0.339465
18 2 0.582328
18 3 0.720962
18 4 0.783757
18 5 0.793477
18 6 0.753262
18 7 0.652926
18 8 0.478754
18 9 0.251163
18 10 0
19 0 0
19 1 0.405116
19 2 0.627676
19 3 0.713009
19 4 0.751885
19 5 0.759653
19 6 0.737403
19 7 0.675015
19 8 0.546828
19 9 0.283838
19 10 0
20 0 0
20 1 0.666667
20 2 0.666667
20 3 0.666667
20 4 0.666667
20 5 0.666667
20 6 0.666667
20 7 0.666667
20 8 0.666667
20 9 0.666667
20 10 0
