0 0 0
0 1 0
0 2 0
0 3 0
0 4 0
0 5 0
0 6 0
0 7 0
0 8 0
0 9 0
0 10 0
1 0 0
1 1 0.0283132
1 2 0.0518325
1 3 0.0686874
1 4 0.0774185
1 5 0.0775664
1 6 0.0698885
1 7 0.056144
1 8 0.0385754
1 9 0.0193219
1 10 0
2 0 0
2 1 0.0579994
2 2 0.106834
2 3 0.142496
2 4 0.161563
2 5 0.162657
2 6 0.147023
2 7 0.118227
2 8 0.08113
2 9 0.0405317
2 10 0
3 0 0
3 1 0.0895235
3 2 0.165911
3 3 0.222674
3 4 0.253955
3 5 0.257073
3 6 0.233426
3 7 0.18822
3 8 0.129191
3 9 0.0644292
3 10 0
4 0 0
4 1 0.122286
4 2 0.227594
4 3 0.306634
4 4 0.351069
4 5 0.357054
4 6 0.325936
4 7 0.264019
4 8 0.181637
4 9 0.0905576
4 10 0
5 0 0
5 1 0.15487
5 2 0.288697
5 3 0.389172
5 4 0.446042
5 5 0.455088
5 6 0.417678
5 7 0.340384
5 8 0.235196
5 9 0.117418
5 10 0
6 0 0
6 1 0.185533
6 2 0.345505
6 3 0.464585
6 4 0.531634
6 5 0.543225
6 6 0.501042
6 7 0.411095
6 8 0.285706
6 9 0.143022
6 10 0
7 0 0
7 1 0.212757
7 2 0.395024
7 3 0.528726
7 4 0.602987
7 5 0.616213
7 6 0.570713
7 7 0.471374
7 8 0.329675
7 9 0.165611
7 10 0
8 0 0
8 1 0.23562
8 2 0.435715
8 3 0.579963
8 4 0.658663
8 5 0.672626
8 6 0.624948
8 7 0.519186
8 8 0.365287
8 9 0.184168
8 10 0
9 0 0
9 1 0.253901
9 2 0.467527
9 3 0.618884
9 4 0.699948
9 5 0.714004
9 6 0.66492
9 7 0.554999
9 8 0.392468
9 9 0.198518
9 10 0
10 0 0
10 1 0.267948
10 2 0.491455
10 3 0.647383
10 4 0.729491
10 5 0.743281
10 6 0.693277
10 7 0.580731
10 8 0.412301
10 9 0.209107
10 10 0
11 0 0
11 1 0.27844
11 2 0.508989
11 3 0.667769
11 4 0.750188
11 5 0.763561
11 6 0.712932
11 7 0.598732
11 8 0.426341
11 9 0.216667
11 10 0
12 0 0
12 1 0.286183
12 2 0.521705
12 3 0.682233
12 4 0.764587
12 5 0.777511
12 6 0.726434
12 7 0.611175
12 8 0.43613
12 9 0.221972
12 10 0
13 0 0
13 1 0.291986
13 2 0.531057
13 3 0.692619
13 4 0.774707
13 5 0.787187
13 6 0.735776
13 7 0.619823
13 8 0.442981
13 9 0.225705
13 10 0
14 0 0
14 1 0.296646
14 2 0.53834
14 3 0.700405
14 4 0.782041
14 5 0.794075
14 6 0.742422
14 7 0.626037
14 8 0.447957
14 9 0.228438
14 10 0
15 0 0
15 1 0.301077
15 2 0.544821
15 3 0.706752
15 4 0.787576
15 5 0.799118
15 6 0.747403
15 7 0.630894
15 8 0.452003
15 9 0.230705
15 10 0
16 0 0
16 1 0.306721
16 2 0.552078
16 3 0.712523
16 4 0.791583
16 5 0.802562
16 6 0.751332
16 7 0.635504
16 8 0.456266
16 9 0.233288
16 10 0
17 0 0
17 1 0.316769
17 2 0.562886
17 3 0.718044
17 4 0.792678
17 5 0.803026
17 6 0.754325
17 7 0.641406
17 8 0.463535
17 9 0.237763
17 10 0
18 0 0
18 1 0.340078
18 2 0.583303
18 3 0.722041
18 4 0.784813
18 5 0.794491
18 6 0.754241
18 7 0.653836
18 8 0.479485
18 9 0.251567
18 10 0
19 0 0
19 1 0.405401
19 2 0.628127
19 3 0.713514
19 4 0.752386
19 5 0.760135
19 6 0.737862
19 7 0.675434
19 8 0.547161
19 9 0.284024
19 10 0
20 0 0
20 1 0.666667
20 2 0.666667
20 3 0.666667
20 4 0.666667
20 5 0.666667
20 6 0.666667
20 7 0.666667
20 8 0.666667
20 9 0.666667
20 10 0
