0 0 0
0 1 0
0 2 0
0 3 0
0 4 0
0 5 0
0 6 0
0 7 0
0 8 0
0 9 0
0 10 0
1 0 0
1 1 0.00114767
1 2 0.0020724
1 3 0.00271258
1 4 0.00304134
1 5 0.00306031
1 6 0.00279515
1 7 0.00229138
1 8 0.00160979
1 9 0.000821124
1 10 0
2 0 0
2 1 0.00234119
2 2 0.00422284
2 3 0.00551886
2 4 0.00617688
2 5 0.00620402
2 6 0.00565626
2 7 0.00462913
2 8 0.00324765
2 9 0.00165494
2 10 0
3 0 0
3 1 0.00364019
3 2 0.00655293
3 3 0.00854124
3 4 0.00953054
3 5 0.009542
3 6 0.00867259
3 7 0.00707778
3 8 0.00495404
3 9 0.00252047
3 10 0
4 0 0
4 1 0.00513486
4 2 0.00921848
4 3 0.011971
4 4 0.0133004
4 5 0.0132564
4 6 0.0119954
4 7 0.00975031
4 8 0.00680218
4 9 0.00345297
4 10 0
5 0 0
5 1 0.00696682
5 2 0.0124678
5 3 0.0161192
5 4 0.0178159
5 5 0.0176574
5 6 0.0158884
5 7 0.0128483
5 8 0.00892527
5 9 0.0045175
5 10 0
6 0 0
6 1 0.00935463
6 2 0.0166897
6 3 0.0214814
6 4 0.023612
6 5 0.0232579
6 6 0.0207953
6 7 0.0167156
6 8 0.0115532
6 9 0.00582712
6 10 0
7 0 0
7 1 0.0126237
7 2 0.0224718
7 3 0.0288202
7 4 0.0315259
7 5 0.030873
7 6 0.0274295
7 7 0.0219108
7 8 0.0150615
7 9 0.00756733
7 10 0
8 0 0
8 1 0.0172371
8 2 0.0306643
8 3 0.0392602
8 4 0.0428147
8 5 0.0417445
8 6 0.0368904
8 7 0.0293005
8 8 0.0200357
8 9 0.0100276
8 10 0
9 0 0
9 1 0.0238175
9 2 0.042434
9 3 0.0543792
9 4 0.0592781
9 5 0.0576799
9 6 0.0507966
9 7 0.0401695
9 8 0.0273457
9 9 0.013638
9 10 0
10 0 0
10 1 0.0331431
10 2 0.0592738
10 3 0.076249
10 4 0.0833354
10 5 0.0811563
10 6 0.0713982
10 7 0.0563187
10 8 0.0382142
10 9 0.0190027
10 10 0
11 0 0
11 1 0.0460894
11 2 0.0829082
11 3 0.107329
11 4 0.117938
11 5 0.115272
11 6 0.101567
11 7 0.080077
11 8 0.0542317
11 9 0.0269071
11 10 0
12 0 0
12 1 0.0634934
12 2 0.115021
12 3 0.150078
12 4 0.16612
12 5 0.163323
12 6 0.144466
12 7 0.114081
12 8 0.0772263
12 9 0.0382568
12 10 0
13 0 0
13 1 0.0859407
13 2 0.156771
13 3 0.206166
13 4 0.229996
13 5 0.227768
13 6 0.202663
13 7 0.16064
13 8 0.108879
13 9 0.0539009
13 10 0
14 0 0
14 1 0.113553
14 2 0.208217
14 3 0.275415
14 4 0.309276
14 5 0.308572
14 6 0.27664
14 7 0.220631
14 8 0.150053
14 9 0.074331
14 10 0
15 0 0
15 1 0.145961
15 2 0.26799
15 3 0.354979
15 4 0.399987
15 5 0.401681
15 6 0.363323
15 7 0.292356
15 8 0.200115
15 9 0.0993829
15 10 0
16 0 0
16 1 0.182783
16 2 0.333758
16 3 0.439546
16 4 0.494472
16 5 0.498911
16 6 0.45587
16 7 0.371448
16 8 0.256891
16 9 0.12833
16 10 0
17 0 0
17 1 0.225195
17 2 0.403989
17 3 0.522722
17 4 0.582753
17 5 0.589526
17 6 0.545672
17 7 0.452581
17 8 0.318744
17 9 0.160677
17 10 0
18 0 0
18 1 0.280386
18 2 0.481324
18 3 0.598315
18 4 0.652919
18 5 0.661036
18 6 0.623977
18 7 0.535246
18 8 0.387324
18 9 0.201878
18 10 0
19 0 0
19 1 0.376225
19 2 0.578943
19 3 0.653996
19 4 0.688887
19 5 0.696058
19 6 0.675791
19 7 0.619327
19 8 0.503396
19 9 0.260053
19 10 0
20 0 0
20 1 0.666667
20 2 0.666667
20 3 0.666667
20 4 0.666667
20 5 0.666667
20 6 0.666667
20 7 0.666667
20 8 0.666667
20 9 0.666667
20 10 0
