0 0 0
0 1 0
0 2 0
0 3 0
0 4 0
0 5 0
0 6 0
0 7 0
0 8 0
0 9 0
0 10 0
1 0 0
1 1 0.0225267
1 2 0.0409527
1 3 0.0538094
1 4 0.0601303
1 5 0.0597824
1 6 0.0535334
1 7 0.0428218
1 8 0.0293515
1 9 0.0146881
1 10 0
2 0 0
2 1 0.0465466
2 2 0.0851424
2 3 0.11262
2 4 0.126611
2 5 0.126472
2 6 0.113574
2 7 0.0909112
2 8 0.0622336
2 9 0.0310712
2 10 0
3 0 0
3 1 0.0729085
3 2 0.134284
3 3 0.178939
3 4 0.202557
3 5 0.203524
3 6 0.183548
3 7 0.147222
3 8 0.100746
3 9 0.0502033
3 10 0
4 0 0
4 1 0.101598
4 2 0.188233
4 3 0.252356
4 4 0.287355
4 5 0.290405
4 6 0.263275
4 7 0.211941
4 8 0.14521
4 9 0.0722912
4 10 0
5 0 0
5 1 0.131754
5 2 0.24504
5 3 0.329647
5 4 0.376752
5 5 0.382577
5 6 0.348817
5 7 0.282272
5 8 0.193993
5 9 0.0966137
5 10 0
6 0 0
6 1 0.16191
6 2 0.301506
6 3 0.405744
6 4 0.464182
6 5 0.472893
6 6 0.433593
6 7 0.353129
6 8 0.243862
6 9 0.121668
6 10 0
7 0 0
7 1 0.190405
7 2 0.354177
7 3 0.475456
7 4 0.54316
7 5 0.554268
7 6 0.510792
7 7 0.418882
7 8 0.291006
7 9 0.145619
7 10 0
8 0 0
8 1 0.215837
8 2 0.400337
8 3 0.535096
8 4 0.609421
8 5 0.622113
8 6 0.575747
8 7 0.475296
8 8 0.332296
8 9 0.166877
8 10 0
9 0 0
9 1 0.237358
9 2 0.438583
9 3 0.583184
9 4 0.661665
9 5 0.675135
9 6 0.626874
9 7 0.520523
9 8 0.366079
9 9 0.184512
9 10 0
10 0 0
10 1 0.254749
10 2 0.468827
10 3 0.620178
10 4 0.700942
10 5 0.714591
10 6 0.665111
10 7 0.554885
10 8 0.392219
10 9 0.198333
10 10 0
11 0 0
11 1 0.268304
11 2 0.491917
11 3 0.647694
11 4 0.729516
11 5 0.742989
11 6 0.692707
11 7 0.579998
11 8 0.411615
11 9 0.2087
11 10 0
12 0 0
12 1 0.278633
12 2 0.509176
12 3 0.66777
12 4 0.749931
12 5 0.763052
12 6 0.712217
12 7 0.597918
12 8 0.42562
12 9 0.21625
12 10 0
13 0 0
13 1 0.286502
13 2 0.522063
13 3 0.68239
13 4 0.764477
13 5 0.777172
13 6 0.725934
13 7 0.610606
13 8 0.435629
13 9 0.221684
13 10 0
14 0 0
14 1 0.292746
14 2 0.532005
14 3 0.693284
14 4 0.774995
14 5 0.78722
14 6 0.735694
14 7 0.619719
14 8 0.442897
14 9 0.225662
14 10 0
15 0 0
15 1 0.298361
15 2 0.540442
15 3 0.701875
15 4 0.782789
15 5 0.794487
15 6 0.742864
15 7 0.626626
15 8 0.448574
15 9 0.22882
15 10 0
16 0 0
16 1 0.304878
16 2 0.549124
16 3 0.709254
16 4 0.788392
16 5 0.799487
16 6 0.748326
16 7 0.632676
16 8 0.453991
16 9 0.232035
16 10 0
17 0 0
17 1 0.315569
17 2 0.560971
17 3 0.715932
17 4 0.79062
17 5 0.801048
17 6 0.7524
17 7 0.639599
17 8 0.462081
17 9 0.236961
17 10 0
18 0 0
18 1 0.339362
18 2 0.582165
18 3 0.720782
18 4 0.78358
18 5 0.793307
18 6 0.753098
18 7 0.652774
18 8 0.478632
18 9 0.251095
18 10 0
19 0 0
19 1 0.405069
19 2 0.6276
19 3 0.712924
19 4 0.751801
19 5 0.759572
19 6 0.737326
19 7 0.674945
19 8 0.546772
19 9 0.283807
19 10 0
20 0 0
20 1 0.666667
20 2 0.666667
20 3 0.666667
20 4 0.666667
20 5 0.666667
20 6 0.666667
20 7 0.666667
20 8 0.666667
20 9 0.666667
20 10 0
