0 0 0
0 1 0
0 2 0
0 3 0
0 4 0
0 5 0
0 6 0
0 7 0
0 8 0
0 9 0
0 10 0
1 0 0
1 1 0.0017561
1 2 0.00307263
1 3 0.00385446
1 4 0.00411757
1 5 0.00394062
1 6 0.00342947
1 7 0.00269283
1 8 0.00182746
1 9 0.00091092
1 10 0
2 0 0
2 1 0.00379167
2 2 0.00664397
2 3 0.00834865
2 4 0.00893239
2 5 0.00855878
2 6 0.00745432
2 7 0.0058553
2 8 0.00397385
2 9 0.00198062
2 10 0
3 0 0
3 1 0.00641747
3 2 0.0112716
3 3 0.0142026
3 4 0.0152342
3 5 0.0146258
3 6 0.0127549
3 7 0.0100253
3 8 0.00680499
3 9 0.00339133
3 10 0
4 0 0
4 1 0.0100069
4 2 0.0176344
4 3 0.0223061
4 4 0.024012
4 5 0.0231176
4 6 0.0201972
4 7 0.0158895
4 8 0.0107878
4 9 0.00537538
4 10 0
5 0 0
5 1 0.0150216
5 2 0.0265875
5 3 0.0338033
5 4 0.0365601
5 5 0.0353279
5 6 0.030939
5 7 0.0243686
5 8 0.0165483
5 9 0.00824363
5 10 0
6 0 0
6 1 0.0220224
6 2 0.0391943
6 3 0.050152
6 4 0.0545642
6 5 0.0529696
6 6 0.0465283
6 7 0.0366994
6 8 0.024927
6 9 0.0124122
6 10 0
7 0 0
7 1 0.0316503
7 2 0.056704
7 3 0.0731161
7 4 0.0801159
7 5 0.0782113
7 6 0.0689523
7 7 0.0544797
7 8 0.0370101
7 9 0.0184171
7 10 0
8 0 0
8 1 0.0445577
8 2 0.080431
8 3 0.104613
8 4 0.115559
8 5 0.113548
8 6 0.100543
8 7 0.0796081
8 8 0.0540927
8 9 0.0268955
8 10 0
9 0 0
9 1 0.0612757
9 2 0.111489
9 3 0.146329
9 4 0.163034
9 5 0.161347
9 6 0.143599
9 7 0.114007
9 8 0.0775043
9 9 0.0385016
9 10 0
10 0 0
10 1 0.0820274
10 2 0.150381
10 3 0.199067
10 4 0.223637
10 5 0.222961
10 6 0.199591
10 7 0.159031
10 8 0.108235
10 9 0.0537309
10 10 0
11 0 0
11 1 0.106539
11 2 0.196556
11 3 0.261988
11 4 0.29638
11 5 0.297547
11 6 0.268064
11 7 0.214606
11 8 0.14639
11 9 0.0726667
11 10 0
12 0 0
12 1 0.133948
12 2 0.248161
12 3 0.332157
12 4 0.377524
12 5 0.381234
12 6 0.345758
12 7 0.278487
12 8 0.190685
12 9 0.0947449
12 10 0
13 0 0
13 1 0.162908
13 2 0.302253
13 3 0.404894
13 4 0.461028
13 5 0.46753
13 6 0.426817
13 7 0.346258
13 8 0.23838
13 9 0.118707
13 10 0
14 0 0
14 1 0.191927
14 2 0.355536
14 3 0.475008
14 4 0.540251
14 5 0.549191
14 6 0.504429
14 7 0.412475
14 8 0.285908
14 9 0.142871
14 10 0
15 0 0
15 1 0.219906
15 2 0.405399
15 3 0.538333
15 4 0.60995
15 5 0.620515
15 6 0.573063
15 7 0.472475
15 8 0.330075
15 9 0.16569
15 10 0
16 0 0
16 1 0.24689
16 2 0.450933
16 3 0.592688
16 4 0.667196
16 5 0.678431
16 6 0.629849
16 7 0.523957
16 8 0.369309
16 9 0.186488
16 10 0
17 0 0
17 1 0.275424
17 2 0.494001
17 3 0.637703
17 4 0.710292
17 5 0.72138
17 6 0.674462
17 7 0.567608
17 8 0.405417
17 9 0.206221
17 10 0
18 0 0
18 1 0.314426
18 2 0.541089
18 3 0.673211
18 4 0.734958
18 5 0.745334
18 6 0.706441
18 7 0.609742
18 8 0.444552
18 9 0.232454
18 10 0
19 0 0
19 1 0.393233
19 2 0.608285
19 3 0.690485
19 4 0.728737
19 5 0.736849
19 6 0.715467
19 7 0.655065
19 8 0.531087
19 9 0.275133
19 10 0
20 0 0
20 1 0.666667
20 2 0.666667
20 3 0.666667
20 4 0.666667
20 5 0.666667
20 6 0.666667
20 7 0.666667
20 8 0.666667
20 9 0.666667
20 10 0
