0 0 0
0 1 0
0 2 0
0 3 0
0 4 0
0 5 0
0 6 0
0 7 0
0 8 0
0 9 0
0 10 0
1 0 0
1 1 0.0015554
1 2 0.00271926
1 3 0.00340774
1 4 0.00363668
1 5 0.00347729
1 6 0.00302407
1 7 0.00237326
1 8 0.00161002
1 9 0.000802383
1 10 0
2 0 0
2 1 0.00336187
2 2 0.00588529
2 3 0.00738676
2 4 0.00789418
2 5 0.00755644
2 6 0.00657617
2 7 0.00516265
2 8 0.00350254
2 9 0.0017454
2 10 0
3 0 0
3 1 0.00570037
3 2 0.0100007
3 3 0.0125837
3 4 0.0134795
3 5 0.0129262
3 6 0.0112627
3 7 0.00884711
3 8 0.00600312
3 9 0.00299123
3 10 0
4 0 0
4 1 0.0089122
4 2 0.0156835
4 3 0.0198052
4 4 0.0212853
4 5 0.0204645
4 6 0.0178612
4 7 0.0140424
4 8 0.00953041
4 9 0.00474821
4 10 0
5 0 0
5 1 0.0134258
5 2 0.0237232
5 3 0.0301011
5 4 0.0324933
5 5 0.031348
5 6 0.0274216
5 7 0.0215827
5 8 0.0146515
5 9 0.00729804
5 10 0
6 0 0
6 1 0.0197727
6 2 0.0351204
6 3 0.0448333
6 4 0.0486679
6 5 0.0471581
6 6 0.0413688
6 7 0.0326044
6 8 0.0221385
6 9 0.0110234
6 10 0
7 0 0
7 1 0.028578
7 2 0.0510837
7 3 0.0656933
7 4 0.0717995
7 5 0.0699454
7 6 0.061573
7 7 0.0486079
7 8 0.0330112
7 9 0.0164279
7 10 0
8 0 0
8 1 0.040508
8 2 0.0729417
8 3 0.0946002
8 4 0.104212
8 5 0.102162
8 6 0.0903109
8 7 0.071438
8 8 0.048526
8 9 0.02413
8 10 0
9 0 0
9 1 0.0561552
9 2 0.10192
9 3 0.133388
9 4 0.148204
9 5 0.146317
9 6 0.129983
9 7 0.103082
9 8 0.0700488
9 9 0.0348016
9 10 0
10 0 0
10 1 0.0758609
10 2 0.138763
10 3 0.183217
10 4 0.205307
10 5 0.204203
10 6 0.182438
10 7 0.145166
10 8 0.0987391
10 9 0.0490181
10 10 0
11 0 0
11 1 0.0995172
11 2 0.183272
11 3 0.243802
11 4 0.275245
11 5 0.275741
11 6 0.247907
11 7 0.198141
11 8 0.135033
11 9 0.0670179
11 10 0
12 0 0
12 1 0.126435
12 2 0.233971
12 3 0.312804
12 4 0.355057
12 5 0.357931
12 6 0.323961
12 7 0.260426
12 8 0.178083
12 9 0.0884433
12 10 0
13 0 0
13 1 0.15539
13 2 0.288171
13 3 0.385914
13 4 0.439173
13 5 0.444826
13 6 0.405324
13 7 0.328127
13 8 0.225523
13 9 0.112219
13 10 0
14 0 0
14 1 0.184911
14 2 0.342585
14 3 0.457887
14 4 0.520825
14 5 0.529058
14 6 0.485149
14 7 0.395879
14 8 0.273901
14 9 0.136738
14 10 0
15 0 0
15 1 0.213814
15 2 0.394367
15 3 0.524105
15 4 0.594115
15 5 0.604197
15 6 0.557279
15 7 0.458604
15 8 0.319817
15 9 0.160373
15 10 0
16 0 0
16 1 0.241986
16 2 0.442243
16 3 0.581775
16 4 0.655303
16 5 0.66627
16 6 0.617996
16 7 0.513342
16 8 0.361287
16 9 0.182268
16 10 0
17 0 0
17 1 0.271811
17 2 0.487733
17 3 0.630022
17 4 0.702075
17 5 0.713048
17 6 0.666311
17 7 0.560204
17 8 0.399716
17 9 0.203178
17 10 0
18 0 0
18 1 0.312086
18 2 0.537108
18 3 0.668413
18 4 0.729881
18 5 0.740222
18 6 0.701454
18 7 0.605187
18 8 0.440996
18 9 0.230531
18 10 0
19 0 0
19 1 0.392095
19 2 0.606379
19 3 0.688195
19 4 0.726314
19 5 0.734417
19 6 0.713115
19 7 0.652936
19 8 0.529421
19 9 0.274218
19 10 0
20 0 0
20 1 0.666667
20 2 0.666667
20 3 0.666667
20 4 0.666667
20 5 0.666667
20 6 0.666667
20 7 0.666667
20 8 0.666667
20 9 0.666667
20 10 0
