0 0 0
0 1 0
0 2 0
0 3 0
0 4 0
0 5 0
0 6 0
0 7 0
0 8 0
0 9 0
0 10 0
1 0 0
1 1 0.00304731
1 2 0.0053559
1 3 0.00675631
1 4 0.00725802
1 5 0.00698063
1 6 0.00609945
1 7 0.00480343
1 8 0.00326614
1 9 0.00162981
1 10 0
2 0 0
2 1 0.00654291
2 2 0.0115245
2 3 0.0145735
2 4 0.0156904
2 5 0.0151159
2 6 0.0132211
2 7 0.0104159
2 8 0.00708195
2 9 0.00353294
2 10 0
3 0 0
3 1 0.0109679
3 2 0.0193834
3 3 0.0246067
3 4 0.0265859
3 5 0.0256813
3 6 0.0224996
3 7 0.0177385
3 8 0.0120607
3 9 0.0060147
3 10 0
4 0 0
4 1 0.0168652
4 2 0.0299415
4 3 0.0382105
4 4 0.0414831
4 5 0.0402201
4 6 0.0353193
4 7 0.0278739
4 8 0.0189528
4 9 0.0094477
4 10 0
5 0 0
5 1 0.0248488
5 2 0.0443688
5 3 0.0569988
5 4 0.0622583
5 5 0.0606484
5 6 0.0534186
5 7 0.0422138
5 8 0.0287044
5 9 0.0143001
5 10 0
6 0 0
6 1 0.0355744
6 2 0.0639538
6 3 0.0828062
6 4 0.0911056
6 5 0.0892576
6 6 0.0789087
6 7 0.0624617
6 8 0.0424745
6 9 0.0211434
6 10 0
7 0 0
7 1 0.0496552
7 2 0.0899456
7 3 0.117476
7 4 0.130303
7 5 0.128499
7 6 0.114104
7 7 0.0905145
7 8 0.0615607
7 9 0.0306154
7 10 0
8 0 0
8 1 0.0675148
8 2 0.12325
8 3 0.162401
8 4 0.181651
8 5 0.18041
8 6 0.161027
8 7 0.128097
8 8 0.0871685
8 9 0.0433105
8 10 0
9 0 0
9 1 0.0892012
9 2 0.164011
9 3 0.217846
9 4 0.245575
9 5 0.24564
9 6 0.220528
9 7 0.176091
9 8 0.119986
9 9 0.0595807
9 10 0
10 0 0
10 1 0.114226
10 2 0.211227
10 3 0.282273
10 4 0.320195
10 5 0.32237
10 6 0.291242
10 7 0.233709
10 8 0.159653
10 9 0.0792878
10 10 0
11 0 0
11 1 0.141529
11 2 0.262641
11 3 0.35215
11 4 0.401007
11 5 0.405867
11 6 0.369049
11 7 0.297977
11 8 0.204385
11 9 0.101625
11 10 0
12 0 0
12 1 0.169632
12 2 0.315103
12 3 0.422582
12 4 0.481764
12 5 0.489388
12 6 0.44776
12 7 0.364099
12 8 0.251125
12 9 0.125165
12 10 0
13 0 0
13 1 0.19698
13 2 0.365357
13 3 0.488665
13 4 0.556346
13 5 0.566267
13 6 0.520986
13 7 0.426816
13 8 0.296317
13 9 0.148195
13 10 0
14 0 0
14 1 0.222368
14 2 0.410922
14 3 0.546853
14 4 0.620531
14 5 0.631938
14 6 0.584145
14 7 0.482049
14 8 0.337001
14 9 0.169229
14 10 0
15 0 0
15 1 0.245349
15 2 0.450743
15 3 0.595629
15 4 0.67265
15 5 0.684666
15 6 0.635375
15 7 0.527913
15 8 0.371657
15 9 0.187451
15 10 0
16 0 0
16 1 0.266734
16 2 0.485548
16 3 0.635299
16 4 0.712866
16 5 0.724759
16 6 0.675108
16 7 0.564893
16 8 0.400615
16 9 0.203099
16 10 0
17 0 0
17 1 0.289699
17 2 0.518404
17 3 0.667074
17 4 0.741235
17 5 0.752505
17 6 0.704928
17 7 0.595485
17 8 0.427081
17 9 0.21786
17 10 0
18 0 0
18 1 0.323518
18 2 0.556366
18 3 0.691337
18 4 0.753882
18 5 0.764243
18 6 0.724875
18 7 0.626654
18 8 0.457836
18 9 0.239674
18 10 0
19 0 0
19 1 0.397609
19 2 0.615545
19 3 0.699088
19 4 0.737739
19 5 0.74582
19 6 0.724127
19 7 0.662923
19 8 0.537258
19 9 0.278532
19 10 0
20 0 0
20 1 0.666667
20 2 0.666667
20 3 0.666667
20 4 0.666667
20 5 0.666667
20 6 0.666667
20 7 0.666667
20 8 0.666667
20 9 0.666667
20 10 0
