0 0 0
0 1 0
0 2 0
0 3 0
0 4 0
0 5 0
0 6 0
0 7 0
0 8 0
0 9 0
0 10 0
1 0 0
1 1 0.00695388
1 2 0.0123357
1 3 0.0157369
1 4 0.01709
1 5 0.0165874
1 6 0.0145923
1 7 0.011543
1 8 0.00786838
1 9 0.00393065
1 10 0
2 0 0
2 1 0.0147763
2 2 0.0263097
2 3 0.0337041
2 4 0.0367382
2 5 0.0357551
2 6 0.0315026
2 7 0.0249292
2 8 0.0169855
2 9 0.00847829
2 10 0
3 0 0
3 1 0.0243134
3 2 0.0435248
3 3 0.0561002
3 4 0.0614898
3 5 0.0600944
3 6 0.0530785
3 7 0.0420384
3 8 0.0286311
3 9 0.0142777
3 10 0
4 0 0
4 1 0.0363637
4 2 0.0655319
4 3 0.0851102
4 4 0.0939381
4 5 0.0923027
4 6 0.0818024
4 7 0.0648746
4 8 0.0441714
4 9 0.0220035
4 10 0
5 0 0
5 1 0.0516008
5 2 0.0936869
5 3 0.122714
5 4 0.136515
5 5 0.134991
5 6 0.120141
5 7 0.0954644
5 8 0.064996
5 9 0.03234
5 10 0
6 0 0
6 1 0.0704337
6 2 0.128853
6 3 0.170224
6 4 0.190909
6 5 0.19008
6 6 0.170022
6 7 0.135468
6 8 0.092274
6 9 0.0458651
6 10 0
7 0 0
7 1 0.0928343
7 2 0.171004
7 3 0.227628
7 4 0.257185
7 5 0.257825
7 6 0.231936
7 7 0.185496
7 8 0.12652
7 9 0.062849
7 10 0
8 0 0
8 1 0.118208
8 2 0.218905
8 3 0.293018
8 4 0.33297
8 5 0.33586
8 6 0.303997
8 7 0.24434
8 8 0.167097
8 9 0.0830222
8 10 0
9 0 0
9 1 0.145397
9 2 0.270102
9 3 0.362571
9 4 0.413395
9 5 0.419026
9 6 0.381649
9 7 0.308643
9 8 0.211951
9 9 0.105445
9 10 0
10 0 0
10 1 0.172868
10 2 0.321375
10 3 0.431352
10 4 0.492208
10 5 0.500566
10 6 0.458627
10 7 0.373478
10 8 0.257893
10 9 0.128615
10 10 0
11 0 0
11 1 0.199052
11 2 0.369529
11 3 0.494687
11 4 0.563677
11 5 0.574257
11 6 0.528907
11 7 0.4338
11 8 0.301452
11 9 0.150842
11 10 0
12 0 0
12 1 0.222699
12 2 0.41218
12 3 0.549389
12 4 0.624166
12 5 0.636202
12 6 0.5885
12 7 0.485935
12 8 0.339876
12 9 0.170713
12 10 0
13 0 0
13 1 0.243125
13 2 0.448179
13 3 0.594235
13 4 0.672594
13 5 0.685321
13 6 0.636072
13 7 0.52831
13 8 0.371741
13 9 0.187421
13 10 0
14 0 0
14 1 0.260305
14 2 0.477631
14 3 0.629703
14 4 0.709855
14 5 0.722661
14 6 0.672424
14 7 0.561241
14 8 0.396987
14 9 0.20084
14 10 0
15 0 0
15 1 0.274909
15 2 0.501678
15 3 0.657318
15 4 0.737803
15 5 0.750249
15 6 0.699489
15 7 0.586267
15 8 0.416614
15 9 0.211428
15 10 0
16 0 0
16 1 0.288535
16 2 0.522422
16 3 0.678973
16 4 0.758165
16 5 0.769962
16 6 0.719403
16 7 0.605656
16 8 0.43246
16 9 0.220259
16 10 0
17 0 0
17 1 0.304741
17 2 0.543442
17 3 0.696228
17 4 0.771078
17 5 0.782059
17 6 0.733862
17 7 0.622275
17 8 0.448225
17 9 0.229352
17 10 0
18 0 0
18 1 0.332833
18 2 0.571671
18 3 0.709004
18 4 0.771885
18 5 0.781976
18 6 0.742126
18 7 0.642591
18 8 0.470484
18 9 0.246602
18 10 0
19 0 0
19 1 0.402021
19 2 0.622728
19 3 0.707408
19 4 0.746268
19 5 0.754209
19 6 0.732196
19 7 0.670269
19 8 0.543062
19 9 0.281745
19 10 0
20 0 0
20 1 0.666667
20 2 0.666667
20 3 0.666667
20 4 0.666667
20 5 0.666667
20 6 0.666667
20 7 0.666667
20 8 0.666667
20 9 0.666667
20 10 0
