0 0 0
0 1 0
0 2 0
0 3 0
0 4 0
0 5 0
0 6 0
0 7 0
0 8 0
0 9 0
0 10 0
1 0 0
1 1 0.0305978
1 2 0.0561567
1 3 0.0746499
1 4 0.0844092
1 5 0.0848216
1 6 0.076614
1 7 0.0616566
1 8 0.0424078
1 9 0.021251
1 10 0
2 0 0
2 1 0.0624756
2 2 0.11536
2 3 0.15432
2 4 0.175504
2 5 0.177212
2 6 0.160592
2 7 0.129388
2 8 0.0888885
2 9 0.0444244
2 10 0
3 0 0
3 1 0.0959076
3 2 0.178102
3 3 0.239593
3 4 0.273936
3 5 0.27804
3 6 0.253133
3 7 0.204564
3 8 0.140607
3 9 0.070157
3 10 0
4 0 0
4 1 0.130054
4 2 0.242366
4 3 0.326976
4 4 0.374963
4 5 0.382173
4 6 0.349772
4 7 0.284051
4 8 0.195781
4 9 0.0976867
4 10 0
5 0 0
5 1 0.163314
5 2 0.304569
5 3 0.410666
5 4 0.470955
5 5 0.481215
5 6 0.442716
5 7 0.361794
5 8 0.250562
5 9 0.125233
5 10 0
6 0 0
6 1 0.193912
6 2 0.360974
6 3 0.485032
6 4 0.55487
6 5 0.567435
6 6 0.524456
6 7 0.431505
6 8 0.300652
6 9 0.150719
6 10 0
7 0 0
7 1 0.220453
7 2 0.408927
7 3 0.546588
7 4 0.622814
7 5 0.63668
7 6 0.590656
7 7 0.489093
7 8 0.342925
7 9 0.17253
7 10 0
8 0 0
8 1 0.242247
8 2 0.447415
8 3 0.59456
8 4 0.674474
8 5 0.688775
8 6 0.640769
8 7 0.533483
8 8 0.376188
8 9 0.189937
8 10 0
9 0 0
9 1 0.259312
9 2 0.476873
9 3 0.630229
9 4 0.711955
9 5 0.726134
9 6 0.676845
9 7 0.565925
9 8 0.400935
9 9 0.203052
9 10 0
10 0 0
10 1 0.27218
10 2 0.498626
10 3 0.65588
10 4 0.738302
10 5 0.75209
10 6 0.701953
10 7 0.588763
10 8 0.418606
10 9 0.212514
10 10 0
11 0 0
11 1 0.28164
11 2 0.514325
11 3 0.673967
11 4 0.756503
11 5 0.769817
11 6 0.719096
11 7 0.60448
11 8 0.430895
11 9 0.219145
11 10 0
12 0 0
12 1 0.288539
12 2 0.525584
12 3 0.686666
12 4 0.76904
12 5 0.781886
12 6 0.730743
12 7 0.615212
12 8 0.439349
12 9 0.223733
12 10 0
13 0 0
13 1 0.293684
13 2 0.533824
13 3 0.695742
13 4 0.777808
13 5 0.790214
13 6 0.738753
13 7 0.622621
13 8 0.445222
13 9 0.226935
13 10 0
14 0 0
14 1 0.297847
14 2 0.540283
14 3 0.702575
14 4 0.784177
14 5 0.796147
14 6 0.744457
14 7 0.627953
14 8 0.449497
14 9 0.229285
14 10 0
15 0 0
15 1 0.301911
15 2 0.546161
15 3 0.708238
15 4 0.789029
15 5 0.800522
15 6 0.748779
15 7 0.632191
15 8 0.453047
15 9 0.231281
15 10 0
16 0 0
16 1 0.307287
16 2 0.552982
16 3 0.71352
16 4 0.792554
16 5 0.803497
16 6 0.752246
16 7 0.636365
16 8 0.45696
16 9 0.233671
16 10 0
17 0 0
17 1 0.317137
17 2 0.563472
17 3 0.71869
17 4 0.793306
17 5 0.803629
17 6 0.754913
17 7 0.641957
17 8 0.46398
17 9 0.238009
17 10 0
18 0 0
18 1 0.340298
18 2 0.583652
18 3 0.722426
18 4 0.78519
18 5 0.794853
18 6 0.75459
18 7 0.654162
18 8 0.479747
18 9 0.251712
18 10 0
19 0 0
19 1 0.405503
19 2 0.628289
19 3 0.713694
19 4 0.752565
19 5 0.760307
19 6 0.738026
19 7 0.675584
19 8 0.547281
19 9 0.28409
19 10 0
20 0 0
20 1 0.666667
20 2 0.666667
20 3 0.666667
20 4 0.666667
20 5 0.666667
20 6 0.666667
20 7 0.666667
20 8 0.666667
20 9 0.666667
20 10 0
