0 0 0
0 1 0
0 2 0
0 3 0
0 4 0
0 5 0
0 6 0
0 7 0
0 8 0
0 9 0
0 10 0
1 0 0
1 1 0.0304755
1 2 0.0559248
1 3 0.0743295
1 4 0.0840327
1 5 0.0844299
1 6 0.0762501
1 7 0.0613578
1 8 0.0421998
1 9 0.0211463
1 10 0
2 0 0
2 1 0.0622366
2 2 0.114904
2 3 0.153687
2 4 0.174756
2 5 0.176429
2 6 0.159861
2 7 0.128785
2 8 0.0884688
2 9 0.0442137
2 10 0
3 0 0
3 1 0.0955682
3 2 0.177453
3 3 0.238692
3 4 0.272871
3 5 0.276921
3 6 0.252078
3 7 0.203687
3 8 0.139993
3 9 0.0698488
3 10 0
4 0 0
4 1 0.129643
4 2 0.241585
4 3 0.325902
4 4 0.373701
4 5 0.380846
4 6 0.348509
4 7 0.282986
4 8 0.195027
4 9 0.0973062
4 10 0
5 0 0
5 1 0.162871
5 2 0.303737
5 3 0.409541
5 4 0.469654
5 5 0.479849
5 6 0.441405
5 7 0.360668
5 8 0.249752
5 9 0.12482
5 10 0
6 0 0
6 1 0.193475
6 2 0.36017
6 3 0.483972
6 4 0.553669
6 5 0.566184
6 6 0.523244
6 7 0.430444
6 8 0.299872
6 9 0.150317
6 10 0
7 0 0
7 1 0.220055
7 2 0.40821
7 3 0.54567
7 4 0.621798
7 5 0.635633
7 6 0.589633
7 7 0.488181
7 8 0.34224
7 9 0.172172
7 10 0
8 0 0
8 1 0.241906
8 2 0.446815
8 3 0.593815
8 4 0.67367
8 5 0.687955
8 6 0.639964
8 7 0.532753
8 8 0.375629
8 9 0.189641
8 10 0
9 0 0
9 1 0.259035
9 2 0.476397
9 3 0.629653
9 4 0.711347
9 5 0.72552
9 6 0.676242
9 7 0.56537
9 8 0.400504
9 9 0.202821
9 10 0
10 0 0
10 1 0.271965
10 2 0.498262
10 3 0.65545
10 4 0.737858
10 5 0.751646
10 6 0.701516
10 7 0.588357
10 8 0.418287
10 9 0.212341
10 10 0
11 0 0
11 1 0.281477
11 2 0.514055
11 3 0.673654
11 4 0.756185
11 5 0.769503
11 6 0.718786
11 7 0.60419
11 8 0.430665
11 9 0.21902
11 10 0
12 0 0
12 1 0.28842
12 2 0.525388
12 3 0.686442
12 4 0.768816
12 5 0.781666
12 6 0.730526
12 7 0.615009
12 8 0.439187
12 9 0.223644
12 10 0
13 0 0
13 1 0.293598
13 2 0.533684
13 3 0.695584
13 4 0.777652
13 5 0.790062
13 6 0.738603
13 7 0.62248
13 8 0.445109
13 9 0.226873
13 10 0
14 0 0
14 1 0.297787
14 2 0.540185
14 3 0.702466
14 4 0.78407
14 5 0.796043
14 6 0.744355
14 7 0.627857
14 8 0.449419
14 9 0.229243
14 10 0
15 0 0
15 1 0.301869
15 2 0.546093
15 3 0.708163
15 4 0.788956
15 5 0.800451
15 6 0.74871
15 7 0.632125
15 8 0.452994
15 9 0.231252
15 10 0
16 0 0
16 1 0.307258
16 2 0.552937
16 3 0.71347
16 4 0.792505
16 5 0.80345
16 6 0.7522
16 7 0.636321
16 8 0.456925
16 9 0.233652
16 10 0
17 0 0
17 1 0.317119
17 2 0.563443
17 3 0.718657
17 4 0.793275
17 5 0.803598
17 6 0.754883
17 7 0.641929
17 8 0.463957
17 9 0.237996
17 10 0
18 0 0
18 1 0.340287
18 2 0.583634
18 3 0.722407
18 4 0.785171
18 5 0.794834
18 6 0.754573
18 7 0.654145
18 8 0.479733
18 9 0.251705
18 10 0
19 0 0
19 1 0.405498
19 2 0.62828
19 3 0.713685
19 4 0.752556
19 5 0.760298
19 6 0.738018
19 7 0.675577
19 8 0.547275
19 9 0.284087
19 10 0
20 0 0
20 1 0.666667
20 2 0.666667
20 3 0.666667
20 4 0.666667
20 5 0.666667
20 6 0.666667
20 7 0.666667
20 8 0.666667
20 9 0.666667
20 10 0
